Messstelle:                ;Hochberg
HZB-Nummer:                ;113019
HD-Nummer:                 ;HD7000212
DBMS-Nummer:               ;7000212
Sachgebiet:                ;NLV
Dienststelle:              ;HD-Tirol
Messstellenbetreiber:      ;Hydrographischer Dienst
Höhe:
 gültig seit:              ;Höhe [m ü.A.]:
  01.08.1960               ;1700
  13.11.2013               ;1672
Geographische Koordinaten (Referenzellipsoid: Bessel 1841):
 gültig seit:              ;Länge (Grad,Min,Sek):    ;Breite  (Grad,Min,Sek):
  01.08.1960               ;12 21 49                 ;46 48 55
  13.11.2013               ;12 21 48                 ;46 48 55
Exportzeitreihe:           ;Schneehöhe,I,,T,1,O,Z,0,,,
Exportqualität:            ;MAXQUAL (2)
Exportzeitraum:            ;01.09.1970 07:00; bis ;01.09.2015 07:00
Hinweis:                   ;Der Intervallwert gilt bis zum nächsten Zeitpunkt mit einem Wert oder Lücke
Hinweis:                   ;Messwert=0.001 - Messwert kleiner als 0.5cm
Werteformat:               ;0 Nachkommastellen
Einheit:                   ;cm
Werte:
01.09.1970 07:00:00   ;     0
02.09.1970 07:00:00   ;     0
03.09.1970 07:00:00   ;     0
04.09.1970 07:00:00   ;     0
05.09.1970 07:00:00   ;     0
06.09.1970 07:00:00   ;     0
07.09.1970 07:00:00   ;     0
08.09.1970 07:00:00   ;     0
09.09.1970 07:00:00   ;     0
10.09.1970 07:00:00   ;     0
11.09.1970 07:00:00   ;     0
12.09.1970 07:00:00   ;     0
13.09.1970 07:00:00   ;     0
14.09.1970 07:00:00   ;     0
15.09.1970 07:00:00   ;     0
16.09.1970 07:00:00   ;     0
17.09.1970 07:00:00   ;     0
18.09.1970 07:00:00   ;     0
19.09.1970 07:00:00   ;     0
20.09.1970 07:00:00   ;     0
21.09.1970 07:00:00   ;     0
22.09.1970 07:00:00   ;     0
23.09.1970 07:00:00   ;     0
24.09.1970 07:00:00   ;     0
25.09.1970 07:00:00   ;     0
26.09.1970 07:00:00   ;     0
27.09.1970 07:00:00   ;     0
28.09.1970 07:00:00   ;     0
29.09.1970 07:00:00   ;     0
30.09.1970 07:00:00   ;     0
01.10.1970 07:00:00   ;     0
02.10.1970 07:00:00   ;     0
03.10.1970 07:00:00   ;     0
04.10.1970 07:00:00   ;     4
05.10.1970 07:00:00   ;     0
06.10.1970 07:00:00   ;     0
07.10.1970 07:00:00   ;     0
08.10.1970 07:00:00   ;     0
09.10.1970 07:00:00   ;     0
10.10.1970 07:00:00   ;     0
11.10.1970 07:00:00   ;     0
12.10.1970 07:00:00   ;     0
13.10.1970 07:00:00   ;     0
14.10.1970 07:00:00   ;     0
15.10.1970 07:00:00   ;     0
16.10.1970 07:00:00   ;     0
17.10.1970 07:00:00   ;     0
18.10.1970 07:00:00   ;     0
19.10.1970 07:00:00   ;     0
20.10.1970 07:00:00   ;     0
21.10.1970 07:00:00   ;    30
22.10.1970 07:00:00   ;    23
23.10.1970 07:00:00   ;    20
24.10.1970 07:00:00   ;    18
25.10.1970 07:00:00   ;    10
26.10.1970 07:00:00   ;     5
27.10.1970 07:00:00   ;     0
28.10.1970 07:00:00   ;     0
29.10.1970 07:00:00   ;     0
30.10.1970 07:00:00   ;     0
31.10.1970 07:00:00   ;     0
01.11.1970 07:00:00   ;     0
02.11.1970 07:00:00   ;     0
03.11.1970 07:00:00   ;     0
04.11.1970 07:00:00   ;     0
05.11.1970 07:00:00   ;     0
06.11.1970 07:00:00   ;     0
07.11.1970 07:00:00   ;     0
08.11.1970 07:00:00   ;     1
09.11.1970 07:00:00   ;     0
10.11.1970 07:00:00   ;     0
11.11.1970 07:00:00   ;     0
12.11.1970 07:00:00   ;     0
13.11.1970 07:00:00   ;     0
14.11.1970 07:00:00   ;     0
15.11.1970 07:00:00   ;     0
16.11.1970 07:00:00   ;     4
17.11.1970 07:00:00   ;     4
18.11.1970 07:00:00   ;     3
19.11.1970 07:00:00   ;     3
20.11.1970 07:00:00   ;     3
21.11.1970 07:00:00   ;     0
22.11.1970 07:00:00   ;    14
23.11.1970 07:00:00   ;    12
24.11.1970 07:00:00   ;    10
25.11.1970 07:00:00   ;    10
26.11.1970 07:00:00   ;     5
27.11.1970 07:00:00   ;     3
28.11.1970 07:00:00   ;     0
29.11.1970 07:00:00   ;     0
30.11.1970 07:00:00   ;     0
01.12.1970 07:00:00   ;     0
02.12.1970 07:00:00   ;     0
03.12.1970 07:00:00   ;     0
04.12.1970 07:00:00   ;     1
05.12.1970 07:00:00   ;     0
06.12.1970 07:00:00   ;     0
07.12.1970 07:00:00   ;     0
08.12.1970 07:00:00   ;     8
09.12.1970 07:00:00   ;     5
10.12.1970 07:00:00   ;     3
11.12.1970 07:00:00   ;     1
12.12.1970 07:00:00   ;     0
13.12.1970 07:00:00   ;     0
14.12.1970 07:00:00   ;     0
15.12.1970 07:00:00   ;     0
16.12.1970 07:00:00   ;     0
17.12.1970 07:00:00   ;     0
18.12.1970 07:00:00   ;     0
19.12.1970 07:00:00   ;     0
20.12.1970 07:00:00   ;     0
21.12.1970 07:00:00   ;     0
22.12.1970 07:00:00   ;     0
23.12.1970 07:00:00   ;     0
24.12.1970 07:00:00   ;     0
25.12.1970 07:00:00   ;     0
26.12.1970 07:00:00   ;     0
27.12.1970 07:00:00   ;     4
28.12.1970 07:00:00   ;    27
29.12.1970 07:00:00   ;    31
30.12.1970 07:00:00   ;    45
31.12.1970 07:00:00   ;    51
01.01.1971 07:00:00   ;    58
02.01.1971 07:00:00   ;    61
03.01.1971 07:00:00   ;    62
04.01.1971 07:00:00   ;    64
05.01.1971 07:00:00   ;    64
06.01.1971 07:00:00   ;    62
07.01.1971 07:00:00   ;    60
08.01.1971 07:00:00   ;    60
09.01.1971 07:00:00   ;    60
10.01.1971 07:00:00   ;    58
11.01.1971 07:00:00   ;    57
12.01.1971 07:00:00   ;    55
13.01.1971 07:00:00   ;    55
14.01.1971 07:00:00   ;    55
15.01.1971 07:00:00   ;    56
16.01.1971 07:00:00   ;    55
17.01.1971 07:00:00   ;    53
18.01.1971 07:00:00   ;    50
19.01.1971 07:00:00   ;    47
20.01.1971 07:00:00   ;    50
21.01.1971 07:00:00   ;    52
22.01.1971 07:00:00   ;    62
23.01.1971 07:00:00   ;    61
24.01.1971 07:00:00   ;    60
25.01.1971 07:00:00   ;    60
26.01.1971 07:00:00   ;    60
27.01.1971 07:00:00   ;    55
28.01.1971 07:00:00   ;    54
29.01.1971 07:00:00   ;    54
30.01.1971 07:00:00   ;    54
31.01.1971 07:00:00   ;    53
01.02.1971 07:00:00   ;    65
02.02.1971 07:00:00   ;    65
03.02.1971 07:00:00   ;    65
04.02.1971 07:00:00   ;    62
05.02.1971 07:00:00   ;    60
06.02.1971 07:00:00   ;    57
07.02.1971 07:00:00   ;    55
08.02.1971 07:00:00   ;    53
09.02.1971 07:00:00   ;    50
10.02.1971 07:00:00   ;    50
11.02.1971 07:00:00   ;    48
12.02.1971 07:00:00   ;    48
13.02.1971 07:00:00   ;    47
14.02.1971 07:00:00   ;    47
15.02.1971 07:00:00   ;    56
16.02.1971 07:00:00   ;    58
17.02.1971 07:00:00   ;    62
18.02.1971 07:00:00   ;    60
19.02.1971 07:00:00   ;    60
20.02.1971 07:00:00   ;    58
21.02.1971 07:00:00   ;    57
22.02.1971 07:00:00   ;    57
23.02.1971 07:00:00   ;    57
24.02.1971 07:00:00   ;    57
25.02.1971 07:00:00   ;    57
26.02.1971 07:00:00   ;    57
27.02.1971 07:00:00   ;    56
28.02.1971 07:00:00   ;    56
01.03.1971 07:00:00   ;    56
02.03.1971 07:00:00   ;    56
03.03.1971 07:00:00   ;    56
04.03.1971 07:00:00   ;    55
05.03.1971 07:00:00   ;    55
06.03.1971 07:00:00   ;    55
07.03.1971 07:00:00   ;    55
08.03.1971 07:00:00   ;    55
09.03.1971 07:00:00   ;    55
10.03.1971 07:00:00   ;    55
11.03.1971 07:00:00   ;    55
12.03.1971 07:00:00   ;    55
13.03.1971 07:00:00   ;    53
14.03.1971 07:00:00   ;    52
15.03.1971 07:00:00   ;    52
16.03.1971 07:00:00   ;    52
17.03.1971 07:00:00   ;    53
18.03.1971 07:00:00   ;    48
19.03.1971 07:00:00   ;    49
20.03.1971 07:00:00   ;    70
21.03.1971 07:00:00   ;    65
22.03.1971 07:00:00   ;    65
23.03.1971 07:00:00   ;    55
24.03.1971 07:00:00   ;    50
25.03.1971 07:00:00   ;    50
26.03.1971 07:00:00   ;    58
27.03.1971 07:00:00   ;    57
28.03.1971 07:00:00   ;    55
29.03.1971 07:00:00   ;    50
30.03.1971 07:00:00   ;    45
31.03.1971 07:00:00   ;    40
01.04.1971 07:00:00   ;    40
02.04.1971 07:00:00   ;    40
03.04.1971 07:00:00   ;    40
04.04.1971 07:00:00   ;    35
05.04.1971 07:00:00   ;    30
06.04.1971 07:00:00   ;    20
07.04.1971 07:00:00   ;    20
08.04.1971 07:00:00   ;    15
09.04.1971 07:00:00   ;    13
10.04.1971 07:00:00   ;    10
11.04.1971 07:00:00   ;     8
12.04.1971 07:00:00   ;     5
13.04.1971 07:00:00   ;     0
14.04.1971 07:00:00   ;     0
15.04.1971 07:00:00   ;     0
16.04.1971 07:00:00   ;     0
17.04.1971 07:00:00   ;     0
18.04.1971 07:00:00   ;     0
19.04.1971 07:00:00   ;     0
20.04.1971 07:00:00   ;     0
21.04.1971 07:00:00   ;     0
22.04.1971 07:00:00   ;     0
23.04.1971 07:00:00   ;     0
24.04.1971 07:00:00   ;     0
25.04.1971 07:00:00   ;     0
26.04.1971 07:00:00   ;     0
27.04.1971 07:00:00   ;     0
28.04.1971 07:00:00   ;     0
29.04.1971 07:00:00   ;     0
30.04.1971 07:00:00   ;     0
01.05.1971 07:00:00   ;     0
02.05.1971 07:00:00   ;     0
03.05.1971 07:00:00   ;     0
04.05.1971 07:00:00   ;     0
05.05.1971 07:00:00   ;     0
06.05.1971 07:00:00   ;     0
07.05.1971 07:00:00   ;     0
08.05.1971 07:00:00   ;     0
09.05.1971 07:00:00   ;     0
10.05.1971 07:00:00   ;     0
11.05.1971 07:00:00   ;     0
12.05.1971 07:00:00   ;     0
13.05.1971 07:00:00   ;     0
14.05.1971 07:00:00   ;     0
15.05.1971 07:00:00   ;     0
16.05.1971 07:00:00   ;     0
17.05.1971 07:00:00   ;     0
18.05.1971 07:00:00   ;     0
19.05.1971 07:00:00   ;     0
20.05.1971 07:00:00   ;     0
21.05.1971 07:00:00   ;     0
22.05.1971 07:00:00   ;     0
23.05.1971 07:00:00   ;     0
24.05.1971 07:00:00   ;     0
25.05.1971 07:00:00   ;     0
26.05.1971 07:00:00   ;     0
27.05.1971 07:00:00   ;     0
28.05.1971 07:00:00   ;     0
29.05.1971 07:00:00   ;     0
30.05.1971 07:00:00   ;     0
31.05.1971 07:00:00   ;     0
01.06.1971 07:00:00   ;     0
02.06.1971 07:00:00   ;     0
03.06.1971 07:00:00   ;     0
04.06.1971 07:00:00   ;     0
05.06.1971 07:00:00   ;     0
06.06.1971 07:00:00   ;     0
07.06.1971 07:00:00   ;     0
08.06.1971 07:00:00   ;     0
09.06.1971 07:00:00   ;     0
10.06.1971 07:00:00   ;     0
11.06.1971 07:00:00   ;     0
12.06.1971 07:00:00   ;     0
13.06.1971 07:00:00   ;     0
14.06.1971 07:00:00   ;     0
15.06.1971 07:00:00   ;     0
16.06.1971 07:00:00   ;     0
17.06.1971 07:00:00   ;     0
18.06.1971 07:00:00   ;     0
19.06.1971 07:00:00   ;     0
20.06.1971 07:00:00   ;     0
21.06.1971 07:00:00   ;     0
22.06.1971 07:00:00   ;     0
23.06.1971 07:00:00   ;     0
24.06.1971 07:00:00   ;     0
25.06.1971 07:00:00   ;     0
26.06.1971 07:00:00   ;     0
27.06.1971 07:00:00   ;     0
28.06.1971 07:00:00   ;     0
29.06.1971 07:00:00   ;     0
30.06.1971 07:00:00   ;     0
01.07.1971 07:00:00   ;     0
02.07.1971 07:00:00   ;     0
03.07.1971 07:00:00   ;     0
04.07.1971 07:00:00   ;     0
05.07.1971 07:00:00   ;     0
06.07.1971 07:00:00   ;     0
07.07.1971 07:00:00   ;     0
08.07.1971 07:00:00   ;     0
09.07.1971 07:00:00   ;     0
10.07.1971 07:00:00   ;     0
11.07.1971 07:00:00   ;     0
12.07.1971 07:00:00   ;     0
13.07.1971 07:00:00   ;     0
14.07.1971 07:00:00   ;     0
15.07.1971 07:00:00   ;     0
16.07.1971 07:00:00   ;     0
17.07.1971 07:00:00   ;     0
18.07.1971 07:00:00   ;     0
19.07.1971 07:00:00   ;     0
20.07.1971 07:00:00   ;     0
21.07.1971 07:00:00   ;     0
22.07.1971 07:00:00   ;     0
23.07.1971 07:00:00   ;     0
24.07.1971 07:00:00   ;     0
25.07.1971 07:00:00   ;     0
26.07.1971 07:00:00   ;     0
27.07.1971 07:00:00   ;     0
28.07.1971 07:00:00   ;     0
29.07.1971 07:00:00   ;     0
30.07.1971 07:00:00   ;     0
31.07.1971 07:00:00   ;     0
01.08.1971 07:00:00   ;     0
02.08.1971 07:00:00   ;     0
03.08.1971 07:00:00   ;     0
04.08.1971 07:00:00   ;     0
05.08.1971 07:00:00   ;     0
06.08.1971 07:00:00   ;     0
07.08.1971 07:00:00   ;     0
08.08.1971 07:00:00   ;     0
09.08.1971 07:00:00   ;     0
10.08.1971 07:00:00   ;     0
11.08.1971 07:00:00   ;     0
12.08.1971 07:00:00   ;     0
13.08.1971 07:00:00   ;     0
14.08.1971 07:00:00   ;     0
15.08.1971 07:00:00   ;     0
16.08.1971 07:00:00   ;     0
17.08.1971 07:00:00   ;     0
18.08.1971 07:00:00   ;     0
19.08.1971 07:00:00   ;     0
20.08.1971 07:00:00   ;     0
21.08.1971 07:00:00   ;     0
22.08.1971 07:00:00   ;     0
23.08.1971 07:00:00   ;     0
24.08.1971 07:00:00   ;     0
25.08.1971 07:00:00   ;     0
26.08.1971 07:00:00   ;     0
27.08.1971 07:00:00   ;     0
28.08.1971 07:00:00   ;     0
29.08.1971 07:00:00   ;     0
30.08.1971 07:00:00   ;     0
31.08.1971 07:00:00   ;     0
01.09.1971 07:00:00   ;     0
02.09.1971 07:00:00   ;     0
03.09.1971 07:00:00   ;     0
04.09.1971 07:00:00   ;     0
05.09.1971 07:00:00   ;     0
06.09.1971 07:00:00   ;     0
07.09.1971 07:00:00   ;     0
08.09.1971 07:00:00   ;     0
09.09.1971 07:00:00   ;     1
10.09.1971 07:00:00   ;     0
11.09.1971 07:00:00   ;     0
12.09.1971 07:00:00   ;     0
13.09.1971 07:00:00   ;     0
14.09.1971 07:00:00   ;     0
15.09.1971 07:00:00   ;     0
16.09.1971 07:00:00   ;     0
17.09.1971 07:00:00   ;     0
18.09.1971 07:00:00   ;     0
19.09.1971 07:00:00   ;     0
20.09.1971 07:00:00   ;     0
21.09.1971 07:00:00   ;     0
22.09.1971 07:00:00   ;     0
23.09.1971 07:00:00   ;     0
24.09.1971 07:00:00   ;     0
25.09.1971 07:00:00   ;     0
26.09.1971 07:00:00   ;     0
27.09.1971 07:00:00   ;     0
28.09.1971 07:00:00   ;     0
29.09.1971 07:00:00   ;     0
30.09.1971 07:00:00   ;     0
01.10.1971 07:00:00   ;     0
02.10.1971 07:00:00   ;     0
03.10.1971 07:00:00   ;     0
04.10.1971 07:00:00   ;     0
05.10.1971 07:00:00   ;     0
06.10.1971 07:00:00   ;     0
07.10.1971 07:00:00   ;     0
08.10.1971 07:00:00   ;     0
09.10.1971 07:00:00   ;     0
10.10.1971 07:00:00   ;     0
11.10.1971 07:00:00   ;     0
12.10.1971 07:00:00   ;     0
13.10.1971 07:00:00   ;     0
14.10.1971 07:00:00   ;     0
15.10.1971 07:00:00   ;     0
16.10.1971 07:00:00   ;     0
17.10.1971 07:00:00   ;     0
18.10.1971 07:00:00   ;     0
19.10.1971 07:00:00   ;     0
20.10.1971 07:00:00   ;     0
21.10.1971 07:00:00   ;     0
22.10.1971 07:00:00   ;     0
23.10.1971 07:00:00   ;     0
24.10.1971 07:00:00   ;     0
25.10.1971 07:00:00   ;     0
26.10.1971 07:00:00   ;     0
27.10.1971 07:00:00   ;     0
28.10.1971 07:00:00   ;     0
29.10.1971 07:00:00   ;     0
30.10.1971 07:00:00   ;     0
31.10.1971 07:00:00   ;     0
01.11.1971 07:00:00   ;     0
02.11.1971 07:00:00   ;     0
03.11.1971 07:00:00   ;     0
04.11.1971 07:00:00   ;     0
05.11.1971 07:00:00   ;     0
06.11.1971 07:00:00   ;     0
07.11.1971 07:00:00   ;     0
08.11.1971 07:00:00   ;     0
09.11.1971 07:00:00   ;     0
10.11.1971 07:00:00   ;    10
11.11.1971 07:00:00   ;    10
12.11.1971 07:00:00   ;    12
13.11.1971 07:00:00   ;    16
14.11.1971 07:00:00   ;     0
15.11.1971 07:00:00   ;     0
16.11.1971 07:00:00   ;     0
17.11.1971 07:00:00   ;     0
18.11.1971 07:00:00   ;     0
19.11.1971 07:00:00   ;     0
20.11.1971 07:00:00   ;     0
21.11.1971 07:00:00   ;    10
22.11.1971 07:00:00   ;    10
23.11.1971 07:00:00   ;    12
24.11.1971 07:00:00   ;    15
25.11.1971 07:00:00   ;    15
26.11.1971 07:00:00   ;    15
27.11.1971 07:00:00   ;    12
28.11.1971 07:00:00   ;    10
29.11.1971 07:00:00   ;    38
30.11.1971 07:00:00   ;    38
01.12.1971 07:00:00   ;    40
02.12.1971 07:00:00   ;    43
03.12.1971 07:00:00   ;    45
04.12.1971 07:00:00   ;    37
05.12.1971 07:00:00   ;    36
06.12.1971 07:00:00   ;    34
07.12.1971 07:00:00   ;    34
08.12.1971 07:00:00   ;    34
09.12.1971 07:00:00   ;    35
10.12.1971 07:00:00   ;    38
11.12.1971 07:00:00   ;    38
12.12.1971 07:00:00   ;    38
13.12.1971 07:00:00   ;    38
14.12.1971 07:00:00   ;    38
15.12.1971 07:00:00   ;    38
16.12.1971 07:00:00   ;    38
17.12.1971 07:00:00   ;    38
18.12.1971 07:00:00   ;    37
19.12.1971 07:00:00   ;    36
20.12.1971 07:00:00   ;    30
21.12.1971 07:00:00   ;    20
22.12.1971 07:00:00   ;    15
23.12.1971 07:00:00   ;    12
24.12.1971 07:00:00   ;    10
25.12.1971 07:00:00   ;    10
26.12.1971 07:00:00   ;    10
27.12.1971 07:00:00   ;     8
28.12.1971 07:00:00   ;     8
29.12.1971 07:00:00   ;     8
30.12.1971 07:00:00   ;    22
31.12.1971 07:00:00   ;    27
01.01.1972 07:00:00   ;    40
02.01.1972 07:00:00   ;    41
03.01.1972 07:00:00   ;    40
04.01.1972 07:00:00   ;    50
05.01.1972 07:00:00   ;    45
06.01.1972 07:00:00   ;    44
07.01.1972 07:00:00   ;    44
08.01.1972 07:00:00   ;    43
09.01.1972 07:00:00   ;    43
10.01.1972 07:00:00   ;    35
11.01.1972 07:00:00   ;    33
12.01.1972 07:00:00   ;    33
13.01.1972 07:00:00   ;    32
14.01.1972 07:00:00   ;    32
15.01.1972 07:00:00   ;    32
16.01.1972 07:00:00   ;    32
17.01.1972 07:00:00   ;    32
18.01.1972 07:00:00   ;    31
19.01.1972 07:00:00   ;    31
20.01.1972 07:00:00   ;    30
21.01.1972 07:00:00   ;    30
22.01.1972 07:00:00   ;    30
23.01.1972 07:00:00   ;    30
24.01.1972 07:00:00   ;    30
25.01.1972 07:00:00   ;    33
26.01.1972 07:00:00   ;    33
27.01.1972 07:00:00   ;    33
28.01.1972 07:00:00   ;    40
29.01.1972 07:00:00   ;    53
30.01.1972 07:00:00   ;    52
31.01.1972 07:00:00   ;    52
01.02.1972 07:00:00   ;    55
02.02.1972 07:00:00   ;    50
03.02.1972 07:00:00   ;    50
04.02.1972 07:00:00   ;    45
05.02.1972 07:00:00   ;    43
06.02.1972 07:00:00   ;    42
07.02.1972 07:00:00   ;    42
08.02.1972 07:00:00   ;    40
09.02.1972 07:00:00   ;    39
10.02.1972 07:00:00   ;    39
11.02.1972 07:00:00   ;    40
12.02.1972 07:00:00   ;    47
13.02.1972 07:00:00   ;    50
14.02.1972 07:00:00   ;    45
15.02.1972 07:00:00   ;    43
16.02.1972 07:00:00   ;    42
17.02.1972 07:00:00   ;    40
18.02.1972 07:00:00   ;    40
19.02.1972 07:00:00   ;    40
20.02.1972 07:00:00   ;    65
21.02.1972 07:00:00   ;    60
22.02.1972 07:00:00   ;    60
23.02.1972 07:00:00   ;    55
24.02.1972 07:00:00   ;    54
25.02.1972 07:00:00   ;    50
26.02.1972 07:00:00   ;    50
27.02.1972 07:00:00   ;    54
28.02.1972 07:00:00   ;    50
29.02.1972 07:00:00   ;    52
01.03.1972 07:00:00   ;    50
02.03.1972 07:00:00   ;    50
03.03.1972 07:00:00   ;    50
04.03.1972 07:00:00   ;    50
05.03.1972 07:00:00   ;    50
06.03.1972 07:00:00   ;    60
07.03.1972 07:00:00   ;    60
08.03.1972 07:00:00   ;    70
09.03.1972 07:00:00   ;    68
10.03.1972 07:00:00   ;    70
11.03.1972 07:00:00   ;    68
12.03.1972 07:00:00   ;    70
13.03.1972 07:00:00   ;    70
14.03.1972 07:00:00   ;    70
15.03.1972 07:00:00   ;    60
16.03.1972 07:00:00   ;    60
17.03.1972 07:00:00   ;    58
18.03.1972 07:00:00   ;    51
19.03.1972 07:00:00   ;    50
20.03.1972 07:00:00   ;    45
21.03.1972 07:00:00   ;    44
22.03.1972 07:00:00   ;    43
23.03.1972 07:00:00   ;    40
24.03.1972 07:00:00   ;    28
25.03.1972 07:00:00   ;    25
26.03.1972 07:00:00   ;    18
27.03.1972 07:00:00   ;    14
28.03.1972 07:00:00   ;    12
29.03.1972 07:00:00   ;    12
30.03.1972 07:00:00   ;    12
31.03.1972 07:00:00   ;     5
01.04.1972 07:00:00   ;     0
02.04.1972 07:00:00   ;     0
03.04.1972 07:00:00   ;     0
04.04.1972 07:00:00   ;     0
05.04.1972 07:00:00   ;     0
06.04.1972 07:00:00   ;     5
07.04.1972 07:00:00   ;     0
08.04.1972 07:00:00   ;     0
09.04.1972 07:00:00   ;     9
10.04.1972 07:00:00   ;     0
11.04.1972 07:00:00   ;     1
12.04.1972 07:00:00   ;    15
13.04.1972 07:00:00   ;    15
14.04.1972 07:00:00   ;     5
15.04.1972 07:00:00   ;     5
16.04.1972 07:00:00   ;     7
17.04.1972 07:00:00   ;    10
18.04.1972 07:00:00   ;     5
19.04.1972 07:00:00   ;     0
20.04.1972 07:00:00   ;     0
21.04.1972 07:00:00   ;     2
22.04.1972 07:00:00   ;     4
23.04.1972 07:00:00   ;     2
24.04.1972 07:00:00   ;     0
25.04.1972 07:00:00   ;     0
26.04.1972 07:00:00   ;     0
27.04.1972 07:00:00   ;     0
28.04.1972 07:00:00   ;     0
29.04.1972 07:00:00   ;     0
30.04.1972 07:00:00   ;     0
01.05.1972 07:00:00   ;     0
02.05.1972 07:00:00   ;     0
03.05.1972 07:00:00   ;     0
04.05.1972 07:00:00   ;     0
05.05.1972 07:00:00   ;     0
06.05.1972 07:00:00   ;     0
07.05.1972 07:00:00   ;     0
08.05.1972 07:00:00   ;     0
09.05.1972 07:00:00   ;     0
10.05.1972 07:00:00   ;     0
11.05.1972 07:00:00   ;     0
12.05.1972 07:00:00   ;     0
13.05.1972 07:00:00   ;     0
14.05.1972 07:00:00   ;     0
15.05.1972 07:00:00   ;     0
16.05.1972 07:00:00   ;     0
17.05.1972 07:00:00   ;     0
18.05.1972 07:00:00   ;     0
19.05.1972 07:00:00   ;     0
20.05.1972 07:00:00   ;     0
21.05.1972 07:00:00   ;     0
22.05.1972 07:00:00   ;     0
23.05.1972 07:00:00   ;     0
24.05.1972 07:00:00   ;     0
25.05.1972 07:00:00   ;     0
26.05.1972 07:00:00   ;     0
27.05.1972 07:00:00   ;     0
28.05.1972 07:00:00   ;     0
29.05.1972 07:00:00   ;     0
30.05.1972 07:00:00   ;     0
31.05.1972 07:00:00   ;     0
01.06.1972 07:00:00   ;     0
02.06.1972 07:00:00   ;     0
03.06.1972 07:00:00   ;     0
04.06.1972 07:00:00   ;     0
05.06.1972 07:00:00   ;     0
06.06.1972 07:00:00   ;     0
07.06.1972 07:00:00   ;     0
08.06.1972 07:00:00   ;     0
09.06.1972 07:00:00   ;     0
10.06.1972 07:00:00   ;     0
11.06.1972 07:00:00   ;     0
12.06.1972 07:00:00   ;     0
13.06.1972 07:00:00   ;     0
14.06.1972 07:00:00   ;     0
15.06.1972 07:00:00   ;     0
16.06.1972 07:00:00   ;     0
17.06.1972 07:00:00   ;     0
18.06.1972 07:00:00   ;     0
19.06.1972 07:00:00   ;     0
20.06.1972 07:00:00   ;     0
21.06.1972 07:00:00   ;     0
22.06.1972 07:00:00   ;     0
23.06.1972 07:00:00   ;     0
24.06.1972 07:00:00   ;     0
25.06.1972 07:00:00   ;     0
26.06.1972 07:00:00   ;     0
27.06.1972 07:00:00   ;     0
28.06.1972 07:00:00   ;     0
29.06.1972 07:00:00   ;     0
30.06.1972 07:00:00   ;     0
01.07.1972 07:00:00   ;     0
02.07.1972 07:00:00   ;     0
03.07.1972 07:00:00   ;     0
04.07.1972 07:00:00   ;     0
05.07.1972 07:00:00   ;     0
06.07.1972 07:00:00   ;     0
07.07.1972 07:00:00   ;     0
08.07.1972 07:00:00   ;     0
09.07.1972 07:00:00   ;     0
10.07.1972 07:00:00   ;     0
11.07.1972 07:00:00   ;     0
12.07.1972 07:00:00   ;     3
13.07.1972 07:00:00   ;     0
14.07.1972 07:00:00   ;     0
15.07.1972 07:00:00   ;     0
16.07.1972 07:00:00   ;     0
17.07.1972 07:00:00   ;     0
18.07.1972 07:00:00   ;     0
19.07.1972 07:00:00   ;     0
20.07.1972 07:00:00   ;     0
21.07.1972 07:00:00   ;     0
22.07.1972 07:00:00   ;     0
23.07.1972 07:00:00   ;     0
24.07.1972 07:00:00   ;     0
25.07.1972 07:00:00   ;     0
26.07.1972 07:00:00   ;     0
27.07.1972 07:00:00   ;     0
28.07.1972 07:00:00   ;     0
29.07.1972 07:00:00   ;     0
30.07.1972 07:00:00   ;     0
31.07.1972 07:00:00   ;     0
01.08.1972 07:00:00   ;     0
02.08.1972 07:00:00   ;     0
03.08.1972 07:00:00   ;     0
04.08.1972 07:00:00   ;     0
05.08.1972 07:00:00   ;     0
06.08.1972 07:00:00   ;     0
07.08.1972 07:00:00   ;     0
08.08.1972 07:00:00   ;     0
09.08.1972 07:00:00   ;     0
10.08.1972 07:00:00   ;     0
11.08.1972 07:00:00   ;     0
12.08.1972 07:00:00   ;     0
13.08.1972 07:00:00   ;     0
14.08.1972 07:00:00   ;     0
15.08.1972 07:00:00   ;     0
16.08.1972 07:00:00   ;     0
17.08.1972 07:00:00   ;     0
18.08.1972 07:00:00   ;     0
19.08.1972 07:00:00   ;     0
20.08.1972 07:00:00   ;     0
21.08.1972 07:00:00   ;     0
22.08.1972 07:00:00   ;     0
23.08.1972 07:00:00   ;     0
24.08.1972 07:00:00   ;     0
25.08.1972 07:00:00   ;     0
26.08.1972 07:00:00   ;     0
27.08.1972 07:00:00   ;     0
28.08.1972 07:00:00   ;     0
29.08.1972 07:00:00   ;     0
30.08.1972 07:00:00   ;     0
31.08.1972 07:00:00   ;     0
01.09.1972 07:00:00   ;     0
02.09.1972 07:00:00   ;     0
03.09.1972 07:00:00   ;     0
04.09.1972 07:00:00   ;     0
05.09.1972 07:00:00   ;     0
06.09.1972 07:00:00   ;     0
07.09.1972 07:00:00   ;     0
08.09.1972 07:00:00   ;     0
09.09.1972 07:00:00   ;     0
10.09.1972 07:00:00   ;     0
11.09.1972 07:00:00   ;     0
12.09.1972 07:00:00   ;     0
13.09.1972 07:00:00   ;     0
14.09.1972 07:00:00   ;     0
15.09.1972 07:00:00   ;     0
16.09.1972 07:00:00   ;    10
17.09.1972 07:00:00   ;     0
18.09.1972 07:00:00   ;     0
19.09.1972 07:00:00   ;     2
20.09.1972 07:00:00   ;     0
21.09.1972 07:00:00   ;     0
22.09.1972 07:00:00   ;     0
23.09.1972 07:00:00   ;     0
24.09.1972 07:00:00   ;     0
25.09.1972 07:00:00   ;     0
26.09.1972 07:00:00   ;     0
27.09.1972 07:00:00   ;     0
28.09.1972 07:00:00   ;     0
29.09.1972 07:00:00   ;     0
30.09.1972 07:00:00   ;     0
01.10.1972 07:00:00   ;     0
02.10.1972 07:00:00   ;     0
03.10.1972 07:00:00   ;     0
04.10.1972 07:00:00   ;     0
05.10.1972 07:00:00   ;     0
06.10.1972 07:00:00   ;     0
07.10.1972 07:00:00   ;     0
08.10.1972 07:00:00   ;     0
09.10.1972 07:00:00   ;     0
10.10.1972 07:00:00   ;     7
11.10.1972 07:00:00   ;     0
12.10.1972 07:00:00   ;     0
13.10.1972 07:00:00   ;     0
14.10.1972 07:00:00   ;     0
15.10.1972 07:00:00   ;     0
16.10.1972 07:00:00   ;     0
17.10.1972 07:00:00   ;     0
18.10.1972 07:00:00   ;     0
19.10.1972 07:00:00   ;     0
20.10.1972 07:00:00   ;     0
21.10.1972 07:00:00   ;     0
22.10.1972 07:00:00   ;     3
23.10.1972 07:00:00   ;    17
24.10.1972 07:00:00   ;    19
25.10.1972 07:00:00   ;     0
26.10.1972 07:00:00   ;     0
27.10.1972 07:00:00   ;     0
28.10.1972 07:00:00   ;     0
29.10.1972 07:00:00   ;     2
30.10.1972 07:00:00   ;     1
31.10.1972 07:00:00   ;     0
01.11.1972 07:00:00   ;     0
02.11.1972 07:00:00   ;     0
03.11.1972 07:00:00   ;     0
04.11.1972 07:00:00   ;     0
05.11.1972 07:00:00   ;     0
06.11.1972 07:00:00   ;     0
07.11.1972 07:00:00   ;     0
08.11.1972 07:00:00   ;     0
09.11.1972 07:00:00   ;     0
10.11.1972 07:00:00   ;     0
11.11.1972 07:00:00   ;     2
12.11.1972 07:00:00   ;     3
13.11.1972 07:00:00   ;     3
14.11.1972 07:00:00   ;     0
15.11.1972 07:00:00   ;     0
16.11.1972 07:00:00   ;     1
17.11.1972 07:00:00   ;     1
18.11.1972 07:00:00   ;     3
19.11.1972 07:00:00   ;    10
20.11.1972 07:00:00   ;     9
21.11.1972 07:00:00   ;    12
22.11.1972 07:00:00   ;    10
23.11.1972 07:00:00   ;     7
24.11.1972 07:00:00   ;    11
25.11.1972 07:00:00   ;    10
26.11.1972 07:00:00   ;     9
27.11.1972 07:00:00   ;     8
28.11.1972 07:00:00   ;     6
29.11.1972 07:00:00   ;     5
30.11.1972 07:00:00   ;     5
01.12.1972 07:00:00   ;     8
02.12.1972 07:00:00   ;    14
03.12.1972 07:00:00   ;     7
04.12.1972 07:00:00   ;     7
05.12.1972 07:00:00   ;     7
06.12.1972 07:00:00   ;    14
07.12.1972 07:00:00   ;    13
08.12.1972 07:00:00   ;    10
09.12.1972 07:00:00   ;     9
10.12.1972 07:00:00   ;    18
11.12.1972 07:00:00   ;    17
12.12.1972 07:00:00   ;    16
13.12.1972 07:00:00   ;    16
14.12.1972 07:00:00   ;    15
15.12.1972 07:00:00   ;    15
16.12.1972 07:00:00   ;    15
17.12.1972 07:00:00   ;    14
18.12.1972 07:00:00   ;    13
19.12.1972 07:00:00   ;    13
20.12.1972 07:00:00   ;    13
21.12.1972 07:00:00   ;    13
22.12.1972 07:00:00   ;    13
23.12.1972 07:00:00   ;    13
24.12.1972 07:00:00   ;    13
25.12.1972 07:00:00   ;    13
26.12.1972 07:00:00   ;    12
27.12.1972 07:00:00   ;    12
28.12.1972 07:00:00   ;    12
29.12.1972 07:00:00   ;    12
30.12.1972 07:00:00   ;    13
31.12.1972 07:00:00   ;    13
01.01.1973 07:00:00   ;    13
02.01.1973 07:00:00   ;    13
03.01.1973 07:00:00   ;    15
04.01.1973 07:00:00   ;    15
05.01.1973 07:00:00   ;    14
06.01.1973 07:00:00   ;    14
07.01.1973 07:00:00   ;    14
08.01.1973 07:00:00   ;    13
09.01.1973 07:00:00   ;    13
10.01.1973 07:00:00   ;    13
11.01.1973 07:00:00   ;    13
12.01.1973 07:00:00   ;    13
13.01.1973 07:00:00   ;    13
14.01.1973 07:00:00   ;    13
15.01.1973 07:00:00   ;    13
16.01.1973 07:00:00   ;    17
17.01.1973 07:00:00   ;    30
18.01.1973 07:00:00   ;    31
19.01.1973 07:00:00   ;    31
20.01.1973 07:00:00   ;    33
21.01.1973 07:00:00   ;    33
22.01.1973 07:00:00   ;    35
23.01.1973 07:00:00   ;    50
24.01.1973 07:00:00   ;    51
25.01.1973 07:00:00   ;    47
26.01.1973 07:00:00   ;    45
27.01.1973 07:00:00   ;    41
28.01.1973 07:00:00   ;    39
29.01.1973 07:00:00   ;    36
30.01.1973 07:00:00   ;    36
31.01.1973 07:00:00   ;    36
01.02.1973 07:00:00   ;    32
02.02.1973 07:00:00   ;    37
03.02.1973 07:00:00   ;    37
04.02.1973 07:00:00   ;    36
05.02.1973 07:00:00   ;    35
06.02.1973 07:00:00   ;    34
07.02.1973 07:00:00   ;    33
08.02.1973 07:00:00   ;    32
09.02.1973 07:00:00   ;    30
10.02.1973 07:00:00   ;    36
11.02.1973 07:00:00   ;    40
12.02.1973 07:00:00   ;    40
13.02.1973 07:00:00   ;    40
14.02.1973 07:00:00   ;    52
15.02.1973 07:00:00   ;    50
16.02.1973 07:00:00   ;    49
17.02.1973 07:00:00   ;    49
18.02.1973 07:00:00   ;    49
19.02.1973 07:00:00   ;    47
20.02.1973 07:00:00   ;    46
21.02.1973 07:00:00   ;    43
22.02.1973 07:00:00   ;    40
23.02.1973 07:00:00   ;    40
24.02.1973 07:00:00   ;    40
25.02.1973 07:00:00   ;    38
26.02.1973 07:00:00   ;    36
27.02.1973 07:00:00   ;    35
28.02.1973 07:00:00   ;    35
01.03.1973 07:00:00   ;    35
02.03.1973 07:00:00   ;    34
03.03.1973 07:00:00   ;    34
04.03.1973 07:00:00   ;    33
05.03.1973 07:00:00   ;    32
06.03.1973 07:00:00   ;    30
07.03.1973 07:00:00   ;    30
08.03.1973 07:00:00   ;    28
09.03.1973 07:00:00   ;    30
10.03.1973 07:00:00   ;    30
11.03.1973 07:00:00   ;    30
12.03.1973 07:00:00   ;    30
13.03.1973 07:00:00   ;    29
14.03.1973 07:00:00   ;    28
15.03.1973 07:00:00   ;    28
16.03.1973 07:00:00   ;    28
17.03.1973 07:00:00   ;    26
18.03.1973 07:00:00   ;    26
19.03.1973 07:00:00   ;    25
20.03.1973 07:00:00   ;    25
21.03.1973 07:00:00   ;    22
22.03.1973 07:00:00   ;    20
23.03.1973 07:00:00   ;    15
24.03.1973 07:00:00   ;    10
25.03.1973 07:00:00   ;     8
26.03.1973 07:00:00   ;     0
27.03.1973 07:00:00   ;     0
28.03.1973 07:00:00   ;     0
29.03.1973 07:00:00   ;     0
30.03.1973 07:00:00   ;     0
31.03.1973 07:00:00   ;     0
01.04.1973 07:00:00   ;     0
02.04.1973 07:00:00   ;     0
03.04.1973 07:00:00   ;     5
04.04.1973 07:00:00   ;     2
05.04.1973 07:00:00   ;     0
06.04.1973 07:00:00   ;     0
07.04.1973 07:00:00   ;     0
08.04.1973 07:00:00   ;    20
09.04.1973 07:00:00   ;    25
10.04.1973 07:00:00   ;    60
11.04.1973 07:00:00   ;    55
12.04.1973 07:00:00   ;    40
13.04.1973 07:00:00   ;    41
14.04.1973 07:00:00   ;    40
15.04.1973 07:00:00   ;    40
16.04.1973 07:00:00   ;    35
17.04.1973 07:00:00   ;    32
18.04.1973 07:00:00   ;    30
19.04.1973 07:00:00   ;    25
20.04.1973 07:00:00   ;    20
21.04.1973 07:00:00   ;    20
22.04.1973 07:00:00   ;    15
23.04.1973 07:00:00   ;    13
24.04.1973 07:00:00   ;    12
25.04.1973 07:00:00   ;    13
26.04.1973 07:00:00   ;     8
27.04.1973 07:00:00   ;     5
28.04.1973 07:00:00   ;     0
29.04.1973 07:00:00   ;     0
30.04.1973 07:00:00   ;     0
01.05.1973 07:00:00   ;     0
02.05.1973 07:00:00   ;     0
03.05.1973 07:00:00   ;     0
04.05.1973 07:00:00   ;     0
05.05.1973 07:00:00   ;     0
06.05.1973 07:00:00   ;     0
07.05.1973 07:00:00   ;     0
08.05.1973 07:00:00   ;     0
09.05.1973 07:00:00   ;     3
10.05.1973 07:00:00   ;     0
11.05.1973 07:00:00   ;     0
12.05.1973 07:00:00   ;     0
13.05.1973 07:00:00   ;     0
14.05.1973 07:00:00   ;     0
15.05.1973 07:00:00   ;     0
16.05.1973 07:00:00   ;     0
17.05.1973 07:00:00   ;     0
18.05.1973 07:00:00   ;     0
19.05.1973 07:00:00   ;     0
20.05.1973 07:00:00   ;     0
21.05.1973 07:00:00   ;     0
22.05.1973 07:00:00   ;     0
23.05.1973 07:00:00   ;     0
24.05.1973 07:00:00   ;     0
25.05.1973 07:00:00   ;     0
26.05.1973 07:00:00   ;     0
27.05.1973 07:00:00   ;     0
28.05.1973 07:00:00   ;     0
29.05.1973 07:00:00   ;     0
30.05.1973 07:00:00   ;     0
31.05.1973 07:00:00   ;     0
01.06.1973 07:00:00   ;     0
02.06.1973 07:00:00   ;     0
03.06.1973 07:00:00   ;     0
04.06.1973 07:00:00   ;     0
05.06.1973 07:00:00   ;     0
06.06.1973 07:00:00   ;     0
07.06.1973 07:00:00   ;     0
08.06.1973 07:00:00   ;     0
09.06.1973 07:00:00   ;     0
10.06.1973 07:00:00   ;     0
11.06.1973 07:00:00   ;     0
12.06.1973 07:00:00   ;     0
13.06.1973 07:00:00   ;     0
14.06.1973 07:00:00   ;     0
15.06.1973 07:00:00   ;     0
16.06.1973 07:00:00   ;     0
17.06.1973 07:00:00   ;     0
18.06.1973 07:00:00   ;     0
19.06.1973 07:00:00   ;     0
20.06.1973 07:00:00   ;     0
21.06.1973 07:00:00   ;     0
22.06.1973 07:00:00   ;     0
23.06.1973 07:00:00   ;     0
24.06.1973 07:00:00   ;     0
25.06.1973 07:00:00   ;     0
26.06.1973 07:00:00   ;     0
27.06.1973 07:00:00   ;     0
28.06.1973 07:00:00   ;     0
29.06.1973 07:00:00   ;     0
30.06.1973 07:00:00   ;     0
01.07.1973 07:00:00   ;     0
02.07.1973 07:00:00   ;     0
03.07.1973 07:00:00   ;     0
04.07.1973 07:00:00   ;     0
05.07.1973 07:00:00   ;     0
06.07.1973 07:00:00   ;     0
07.07.1973 07:00:00   ;     0
08.07.1973 07:00:00   ;     0
09.07.1973 07:00:00   ;     0
10.07.1973 07:00:00   ;     0
11.07.1973 07:00:00   ;     0
12.07.1973 07:00:00   ;     0
13.07.1973 07:00:00   ;     0
14.07.1973 07:00:00   ;     0
15.07.1973 07:00:00   ;     0
16.07.1973 07:00:00   ;     0
17.07.1973 07:00:00   ;     0
18.07.1973 07:00:00   ;     0
19.07.1973 07:00:00   ;     0
20.07.1973 07:00:00   ;     0
21.07.1973 07:00:00   ;     0
22.07.1973 07:00:00   ;     0
23.07.1973 07:00:00   ;     0
24.07.1973 07:00:00   ;     0
25.07.1973 07:00:00   ;     0
26.07.1973 07:00:00   ;     0
27.07.1973 07:00:00   ;     0
28.07.1973 07:00:00   ;     0
29.07.1973 07:00:00   ;     0
30.07.1973 07:00:00   ;     0
31.07.1973 07:00:00   ;     0
01.08.1973 07:00:00   ;     0
02.08.1973 07:00:00   ;     0
03.08.1973 07:00:00   ;     0
04.08.1973 07:00:00   ;     0
05.08.1973 07:00:00   ;     0
06.08.1973 07:00:00   ;     0
07.08.1973 07:00:00   ;     0
08.08.1973 07:00:00   ;     0
09.08.1973 07:00:00   ;     0
10.08.1973 07:00:00   ;     0
11.08.1973 07:00:00   ;     0
12.08.1973 07:00:00   ;     0
13.08.1973 07:00:00   ;     0
14.08.1973 07:00:00   ;     0
15.08.1973 07:00:00   ;     0
16.08.1973 07:00:00   ;     0
17.08.1973 07:00:00   ;     0
18.08.1973 07:00:00   ;     0
19.08.1973 07:00:00   ;     0
20.08.1973 07:00:00   ;     0
21.08.1973 07:00:00   ;     0
22.08.1973 07:00:00   ;     0
23.08.1973 07:00:00   ;     0
24.08.1973 07:00:00   ;     0
25.08.1973 07:00:00   ;     0
26.08.1973 07:00:00   ;     0
27.08.1973 07:00:00   ;     0
28.08.1973 07:00:00   ;     0
29.08.1973 07:00:00   ;     0
30.08.1973 07:00:00   ;     0
31.08.1973 07:00:00   ;     0
01.09.1973 07:00:00   ;     0
02.09.1973 07:00:00   ;     0
03.09.1973 07:00:00   ;     0
04.09.1973 07:00:00   ;     0
05.09.1973 07:00:00   ;     0
06.09.1973 07:00:00   ;     0
07.09.1973 07:00:00   ;     0
08.09.1973 07:00:00   ;     0
09.09.1973 07:00:00   ;     0
10.09.1973 07:00:00   ;     0
11.09.1973 07:00:00   ;     0
12.09.1973 07:00:00   ;     0
13.09.1973 07:00:00   ;     0
14.09.1973 07:00:00   ;     0
15.09.1973 07:00:00   ;     0
16.09.1973 07:00:00   ;     0
17.09.1973 07:00:00   ;     0
18.09.1973 07:00:00   ;     0
19.09.1973 07:00:00   ;     0
20.09.1973 07:00:00   ;     0
21.09.1973 07:00:00   ;     0
22.09.1973 07:00:00   ;     0
23.09.1973 07:00:00   ;     0
24.09.1973 07:00:00   ;     0
25.09.1973 07:00:00   ;     0
26.09.1973 07:00:00   ;     0
27.09.1973 07:00:00   ;     0
28.09.1973 07:00:00   ;     0
29.09.1973 07:00:00   ;     0
30.09.1973 07:00:00   ;     0
01.10.1973 07:00:00   ;     0
02.10.1973 07:00:00   ;     0
03.10.1973 07:00:00   ;     0
04.10.1973 07:00:00   ;     0
05.10.1973 07:00:00   ;     0
06.10.1973 07:00:00   ;     0
07.10.1973 07:00:00   ;     0
08.10.1973 07:00:00   ;     0
09.10.1973 07:00:00   ;     0
10.10.1973 07:00:00   ;     0
11.10.1973 07:00:00   ;     0
12.10.1973 07:00:00   ;     0
13.10.1973 07:00:00   ;     4
14.10.1973 07:00:00   ;     0
15.10.1973 07:00:00   ;     0
16.10.1973 07:00:00   ;     0
17.10.1973 07:00:00   ;     0
18.10.1973 07:00:00   ;     0
19.10.1973 07:00:00   ;     0
20.10.1973 07:00:00   ;     0
21.10.1973 07:00:00   ;     0
22.10.1973 07:00:00   ;     0
23.10.1973 07:00:00   ;     0
24.10.1973 07:00:00   ;     0
25.10.1973 07:00:00   ;     0
26.10.1973 07:00:00   ;     0
27.10.1973 07:00:00   ;     0
28.10.1973 07:00:00   ;     0
29.10.1973 07:00:00   ;     0
30.10.1973 07:00:00   ;     0
31.10.1973 07:00:00   ;     0
01.11.1973 07:00:00   ;     0
02.11.1973 07:00:00   ;     0
03.11.1973 07:00:00   ;     0
04.11.1973 07:00:00   ;     0
05.11.1973 07:00:00   ;     0
06.11.1973 07:00:00   ;     0
07.11.1973 07:00:00   ;     4
08.11.1973 07:00:00   ;     2
09.11.1973 07:00:00   ;     0
10.11.1973 07:00:00   ;     0
11.11.1973 07:00:00   ;     0
12.11.1973 07:00:00   ;     0
13.11.1973 07:00:00   ;     0
14.11.1973 07:00:00   ;     0
15.11.1973 07:00:00   ;     4
16.11.1973 07:00:00   ;    16
17.11.1973 07:00:00   ;     8
18.11.1973 07:00:00   ;     5
19.11.1973 07:00:00   ;     3
20.11.1973 07:00:00   ;     1
21.11.1973 07:00:00   ;     0
22.11.1973 07:00:00   ;     0
23.11.1973 07:00:00   ;     0
24.11.1973 07:00:00   ;     0
25.11.1973 07:00:00   ;     0
26.11.1973 07:00:00   ;     1
27.11.1973 07:00:00   ;     0
28.11.1973 07:00:00   ;     0
29.11.1973 07:00:00   ;     2
30.11.1973 07:00:00   ;     2
01.12.1973 07:00:00   ;     2
02.12.1973 07:00:00   ;     2
03.12.1973 07:00:00   ;     1
04.12.1973 07:00:00   ;     1
05.12.1973 07:00:00   ;    12
06.12.1973 07:00:00   ;    10
07.12.1973 07:00:00   ;     7
08.12.1973 07:00:00   ;     7
09.12.1973 07:00:00   ;     9
10.12.1973 07:00:00   ;     9
11.12.1973 07:00:00   ;     9
12.12.1973 07:00:00   ;     8
13.12.1973 07:00:00   ;     8
14.12.1973 07:00:00   ;    19
15.12.1973 07:00:00   ;    30
16.12.1973 07:00:00   ;    30
17.12.1973 07:00:00   ;    29
18.12.1973 07:00:00   ;    25
19.12.1973 07:00:00   ;    23
20.12.1973 07:00:00   ;    22
21.12.1973 07:00:00   ;    25
22.12.1973 07:00:00   ;    40
23.12.1973 07:00:00   ;    33
24.12.1973 07:00:00   ;    33
25.12.1973 07:00:00   ;    30
26.12.1973 07:00:00   ;    34
27.12.1973 07:00:00   ;    32
28.12.1973 07:00:00   ;    30
29.12.1973 07:00:00   ;    28
30.12.1973 07:00:00   ;    27
31.12.1973 07:00:00   ;    26
01.01.1974 07:00:00   ;    28
02.01.1974 07:00:00   ;    28
03.01.1974 07:00:00   ;    38
04.01.1974 07:00:00   ;    37
05.01.1974 07:00:00   ;    37
06.01.1974 07:00:00   ;    37
07.01.1974 07:00:00   ;    35
08.01.1974 07:00:00   ;    35
09.01.1974 07:00:00   ;    34
10.01.1974 07:00:00   ;    37
11.01.1974 07:00:00   ;    37
12.01.1974 07:00:00   ;    35
13.01.1974 07:00:00   ;    34
14.01.1974 07:00:00   ;    34
15.01.1974 07:00:00   ;    33
16.01.1974 07:00:00   ;    30
17.01.1974 07:00:00   ;    30
18.01.1974 07:00:00   ;    34
19.01.1974 07:00:00   ;    43
20.01.1974 07:00:00   ;    37
21.01.1974 07:00:00   ;    35
22.01.1974 07:00:00   ;    32
23.01.1974 07:00:00   ;    30
24.01.1974 07:00:00   ;    30
25.01.1974 07:00:00   ;    30
26.01.1974 07:00:00   ;    30
27.01.1974 07:00:00   ;    30
28.01.1974 07:00:00   ;    28
29.01.1974 07:00:00   ;    28
30.01.1974 07:00:00   ;    25
31.01.1974 07:00:00   ;    25
01.02.1974 07:00:00   ;    32
02.02.1974 07:00:00   ;    32
03.02.1974 07:00:00   ;    33
04.02.1974 07:00:00   ;    38
05.02.1974 07:00:00   ;    39
06.02.1974 07:00:00   ;    39
07.02.1974 07:00:00   ;    57
08.02.1974 07:00:00   ;    56
09.02.1974 07:00:00   ;    56
10.02.1974 07:00:00   ;    55
11.02.1974 07:00:00   ;    55
12.02.1974 07:00:00   ;    55
13.02.1974 07:00:00   ;    53
14.02.1974 07:00:00   ;    53
15.02.1974 07:00:00   ;    54
16.02.1974 07:00:00   ;    54
17.02.1974 07:00:00   ;    55
18.02.1974 07:00:00   ;    55
19.02.1974 07:00:00   ;    58
20.02.1974 07:00:00   ;    55
21.02.1974 07:00:00   ;    55
22.02.1974 07:00:00   ;    54
23.02.1974 07:00:00   ;    53
24.02.1974 07:00:00   ;    53
25.02.1974 07:00:00   ;    53
26.02.1974 07:00:00   ;    52
27.02.1974 07:00:00   ;    54
28.02.1974 07:00:00   ;    53
01.03.1974 07:00:00   ;    47
02.03.1974 07:00:00   ;    50
03.03.1974 07:00:00   ;    48
04.03.1974 07:00:00   ;    57
05.03.1974 07:00:00   ;   130
06.03.1974 07:00:00   ;   107
07.03.1974 07:00:00   ;   103
08.03.1974 07:00:00   ;    97
09.03.1974 07:00:00   ;    92
10.03.1974 07:00:00   ;    90
11.03.1974 07:00:00   ;    90
12.03.1974 07:00:00   ;    88
13.03.1974 07:00:00   ;    82
14.03.1974 07:00:00   ;    80
15.03.1974 07:00:00   ;    80
16.03.1974 07:00:00   ;    75
17.03.1974 07:00:00   ;    70
18.03.1974 07:00:00   ;    60
19.03.1974 07:00:00   ;    58
20.03.1974 07:00:00   ;    50
21.03.1974 07:00:00   ;    45
22.03.1974 07:00:00   ;    40
23.03.1974 07:00:00   ;    30
24.03.1974 07:00:00   ;    27
25.03.1974 07:00:00   ;    25
26.03.1974 07:00:00   ;    20
27.03.1974 07:00:00   ;    18
28.03.1974 07:00:00   ;    15
29.03.1974 07:00:00   ;    12
30.03.1974 07:00:00   ;    10
31.03.1974 07:00:00   ;    10
01.04.1974 07:00:00   ;     8
02.04.1974 07:00:00   ;     5
03.04.1974 07:00:00   ;     2
04.04.1974 07:00:00   ;     0
05.04.1974 07:00:00   ;     4
06.04.1974 07:00:00   ;     0
07.04.1974 07:00:00   ;     0
08.04.1974 07:00:00   ;     0
09.04.1974 07:00:00   ;     0
10.04.1974 07:00:00   ;     0
11.04.1974 07:00:00   ;     0
12.04.1974 07:00:00   ;     0
13.04.1974 07:00:00   ;     0
14.04.1974 07:00:00   ;     0
15.04.1974 07:00:00   ;     0
16.04.1974 07:00:00   ;     2
17.04.1974 07:00:00   ;     0
18.04.1974 07:00:00   ;     0
19.04.1974 07:00:00   ;     0
20.04.1974 07:00:00   ;     0
21.04.1974 07:00:00   ;     0
22.04.1974 07:00:00   ;     0
23.04.1974 07:00:00   ;     4
24.04.1974 07:00:00   ;     5
25.04.1974 07:00:00   ;     1
26.04.1974 07:00:00   ;     1
27.04.1974 07:00:00   ;     0
28.04.1974 07:00:00   ;     7
29.04.1974 07:00:00   ;     1
30.04.1974 07:00:00   ;     0
01.05.1974 07:00:00   ;     0
02.05.1974 07:00:00   ;     0
03.05.1974 07:00:00   ;     0
04.05.1974 07:00:00   ;     0
05.05.1974 07:00:00   ;     0
06.05.1974 07:00:00   ;     0
07.05.1974 07:00:00   ;     0
08.05.1974 07:00:00   ;     0
09.05.1974 07:00:00   ;     0
10.05.1974 07:00:00   ;     0
11.05.1974 07:00:00   ;     0
12.05.1974 07:00:00   ;     0
13.05.1974 07:00:00   ;     0
14.05.1974 07:00:00   ;     0
15.05.1974 07:00:00   ;     0
16.05.1974 07:00:00   ;     0
17.05.1974 07:00:00   ;     0
18.05.1974 07:00:00   ;     0
19.05.1974 07:00:00   ;     0
20.05.1974 07:00:00   ;     0
21.05.1974 07:00:00   ;     0
22.05.1974 07:00:00   ;     0
23.05.1974 07:00:00   ;     0
24.05.1974 07:00:00   ;     0
25.05.1974 07:00:00   ;     0
26.05.1974 07:00:00   ;     0
27.05.1974 07:00:00   ;     0
28.05.1974 07:00:00   ;     0
29.05.1974 07:00:00   ;     0
30.05.1974 07:00:00   ;     0
31.05.1974 07:00:00   ;     0
01.06.1974 07:00:00   ;     0
02.06.1974 07:00:00   ;     0
03.06.1974 07:00:00   ;     0
04.06.1974 07:00:00   ;     0
05.06.1974 07:00:00   ;     0
06.06.1974 07:00:00   ;     0
07.06.1974 07:00:00   ;     0
08.06.1974 07:00:00   ;     0
09.06.1974 07:00:00   ;     0
10.06.1974 07:00:00   ;     0
11.06.1974 07:00:00   ;     0
12.06.1974 07:00:00   ;     0
13.06.1974 07:00:00   ;     0
14.06.1974 07:00:00   ;     0
15.06.1974 07:00:00   ;     0
16.06.1974 07:00:00   ;     0
17.06.1974 07:00:00   ;     0
18.06.1974 07:00:00   ;     0
19.06.1974 07:00:00   ;     0
20.06.1974 07:00:00   ;     0
21.06.1974 07:00:00   ;     0
22.06.1974 07:00:00   ;     0
23.06.1974 07:00:00   ;     0
24.06.1974 07:00:00   ;     0
25.06.1974 07:00:00   ;     0
26.06.1974 07:00:00   ;     0
27.06.1974 07:00:00   ;     0
28.06.1974 07:00:00   ;     0
29.06.1974 07:00:00   ;     0
30.06.1974 07:00:00   ;     0
01.07.1974 07:00:00   ;     0
02.07.1974 07:00:00   ;     0
03.07.1974 07:00:00   ;     0
04.07.1974 07:00:00   ;     0
05.07.1974 07:00:00   ;     0
06.07.1974 07:00:00   ;     0
07.07.1974 07:00:00   ;     0
08.07.1974 07:00:00   ;     0
09.07.1974 07:00:00   ;     0
10.07.1974 07:00:00   ;     0
11.07.1974 07:00:00   ;     0
12.07.1974 07:00:00   ;     0
13.07.1974 07:00:00   ;     0
14.07.1974 07:00:00   ;     0
15.07.1974 07:00:00   ;     0
16.07.1974 07:00:00   ;     0
17.07.1974 07:00:00   ;     0
18.07.1974 07:00:00   ;     0
19.07.1974 07:00:00   ;     0
20.07.1974 07:00:00   ;     0
21.07.1974 07:00:00   ;     0
22.07.1974 07:00:00   ;     0
23.07.1974 07:00:00   ;     0
24.07.1974 07:00:00   ;     0
25.07.1974 07:00:00   ;     0
26.07.1974 07:00:00   ;     0
27.07.1974 07:00:00   ;     0
28.07.1974 07:00:00   ;     0
29.07.1974 07:00:00   ;     0
30.07.1974 07:00:00   ;     0
31.07.1974 07:00:00   ;     0
01.08.1974 07:00:00   ;     0
02.08.1974 07:00:00   ;     0
03.08.1974 07:00:00   ;     0
04.08.1974 07:00:00   ;     0
05.08.1974 07:00:00   ;     0
06.08.1974 07:00:00   ;     0
07.08.1974 07:00:00   ;     0
08.08.1974 07:00:00   ;     0
09.08.1974 07:00:00   ;     0
10.08.1974 07:00:00   ;     0
11.08.1974 07:00:00   ;     0
12.08.1974 07:00:00   ;     0
13.08.1974 07:00:00   ;     0
14.08.1974 07:00:00   ;     0
15.08.1974 07:00:00   ;     0
16.08.1974 07:00:00   ;     0
17.08.1974 07:00:00   ;     0
18.08.1974 07:00:00   ;     0
19.08.1974 07:00:00   ;     0
20.08.1974 07:00:00   ;     0
21.08.1974 07:00:00   ;     0
22.08.1974 07:00:00   ;     0
23.08.1974 07:00:00   ;     0
24.08.1974 07:00:00   ;     0
25.08.1974 07:00:00   ;     0
26.08.1974 07:00:00   ;     0
27.08.1974 07:00:00   ;     0
28.08.1974 07:00:00   ;     0
29.08.1974 07:00:00   ;     0
30.08.1974 07:00:00   ;     0
31.08.1974 07:00:00   ;     0
01.09.1974 07:00:00   ;     0
02.09.1974 07:00:00   ;     0
03.09.1974 07:00:00   ;     0
04.09.1974 07:00:00   ;     0
05.09.1974 07:00:00   ;     0
06.09.1974 07:00:00   ;     0
07.09.1974 07:00:00   ;     0
08.09.1974 07:00:00   ;     0
09.09.1974 07:00:00   ;     0
10.09.1974 07:00:00   ;     0
11.09.1974 07:00:00   ;     0
12.09.1974 07:00:00   ;     0
13.09.1974 07:00:00   ;     0
14.09.1974 07:00:00   ;     0
15.09.1974 07:00:00   ;     0
16.09.1974 07:00:00   ;     0
17.09.1974 07:00:00   ;     0
18.09.1974 07:00:00   ;     0
19.09.1974 07:00:00   ;     0
20.09.1974 07:00:00   ;     0
21.09.1974 07:00:00   ;     0
22.09.1974 07:00:00   ;     0
23.09.1974 07:00:00   ;     0
24.09.1974 07:00:00   ;     0
25.09.1974 07:00:00   ;     0
26.09.1974 07:00:00   ;     1
27.09.1974 07:00:00   ;     0
28.09.1974 07:00:00   ;     0
29.09.1974 07:00:00   ;     0
30.09.1974 07:00:00   ;     0
01.10.1974 07:00:00   ;    25
02.10.1974 07:00:00   ;    10
03.10.1974 07:00:00   ;     5
04.10.1974 07:00:00   ;     6
05.10.1974 07:00:00   ;     7
06.10.1974 07:00:00   ;     2
07.10.1974 07:00:00   ;     0
08.10.1974 07:00:00   ;    15
09.10.1974 07:00:00   ;    10
10.10.1974 07:00:00   ;     7
11.10.1974 07:00:00   ;     3
12.10.1974 07:00:00   ;     5
13.10.1974 07:00:00   ;     3
14.10.1974 07:00:00   ;     0
15.10.1974 07:00:00   ;     0
16.10.1974 07:00:00   ;     0
17.10.1974 07:00:00   ;     0
18.10.1974 07:00:00   ;     0
19.10.1974 07:00:00   ;     0
20.10.1974 07:00:00   ;     5
21.10.1974 07:00:00   ;     3
22.10.1974 07:00:00   ;     3
23.10.1974 07:00:00   ;     1
24.10.1974 07:00:00   ;     1
25.10.1974 07:00:00   ;     0
26.10.1974 07:00:00   ;     0
27.10.1974 07:00:00   ;     0
28.10.1974 07:00:00   ;     2
29.10.1974 07:00:00   ;     0
30.10.1974 07:00:00   ;     0
31.10.1974 07:00:00   ;     0
01.11.1974 07:00:00   ;     0
02.11.1974 07:00:00   ;     0
03.11.1974 07:00:00   ;     0
04.11.1974 07:00:00   ;     0
05.11.1974 07:00:00   ;     1
06.11.1974 07:00:00   ;     2
07.11.1974 07:00:00   ;     0
08.11.1974 07:00:00   ;     0
09.11.1974 07:00:00   ;     0
10.11.1974 07:00:00   ;     0
11.11.1974 07:00:00   ;     0
12.11.1974 07:00:00   ;     0
13.11.1974 07:00:00   ;     0
14.11.1974 07:00:00   ;     0
15.11.1974 07:00:00   ;     0
16.11.1974 07:00:00   ;     0
17.11.1974 07:00:00   ;     0
18.11.1974 07:00:00   ;     0
19.11.1974 07:00:00   ;     4
20.11.1974 07:00:00   ;     6
21.11.1974 07:00:00   ;     6
22.11.1974 07:00:00   ;     6
23.11.1974 07:00:00   ;     5
24.11.1974 07:00:00   ;     3
25.11.1974 07:00:00   ;     3
26.11.1974 07:00:00   ;     7
27.11.1974 07:00:00   ;     5
28.11.1974 07:00:00   ;     4
29.11.1974 07:00:00   ;    16
30.11.1974 07:00:00   ;    27
01.12.1974 07:00:00   ;    26
02.12.1974 07:00:00   ;    25
03.12.1974 07:00:00   ;    19
04.12.1974 07:00:00   ;    13
05.12.1974 07:00:00   ;    10
06.12.1974 07:00:00   ;    13
07.12.1974 07:00:00   ;    19
08.12.1974 07:00:00   ;    15
09.12.1974 07:00:00   ;    10
10.12.1974 07:00:00   ;     8
11.12.1974 07:00:00   ;     7
12.12.1974 07:00:00   ;    13
13.12.1974 07:00:00   ;    15
14.12.1974 07:00:00   ;    17
15.12.1974 07:00:00   ;    15
16.12.1974 07:00:00   ;    10
17.12.1974 07:00:00   ;     9
18.12.1974 07:00:00   ;    11
19.12.1974 07:00:00   ;    18
20.12.1974 07:00:00   ;    17
21.12.1974 07:00:00   ;    15
22.12.1974 07:00:00   ;    11
23.12.1974 07:00:00   ;    10
24.12.1974 07:00:00   ;    10
25.12.1974 07:00:00   ;     9
26.12.1974 07:00:00   ;     9
27.12.1974 07:00:00   ;     8
28.12.1974 07:00:00   ;     8
29.12.1974 07:00:00   ;     5
30.12.1974 07:00:00   ;     6
31.12.1974 07:00:00   ;    10
01.01.1975 07:00:00   ;    10
02.01.1975 07:00:00   ;     9
03.01.1975 07:00:00   ;     8
04.01.1975 07:00:00   ;     6
05.01.1975 07:00:00   ;     5
06.01.1975 07:00:00   ;     4
07.01.1975 07:00:00   ;     4
08.01.1975 07:00:00   ;    12
09.01.1975 07:00:00   ;    11
10.01.1975 07:00:00   ;     9
11.01.1975 07:00:00   ;     7
12.01.1975 07:00:00   ;     6
13.01.1975 07:00:00   ;     5
14.01.1975 07:00:00   ;     5
15.01.1975 07:00:00   ;     5
16.01.1975 07:00:00   ;     4
17.01.1975 07:00:00   ;     4
18.01.1975 07:00:00   ;     7
19.01.1975 07:00:00   ;     5
20.01.1975 07:00:00   ;     5
21.01.1975 07:00:00   ;     4
22.01.1975 07:00:00   ;    14
23.01.1975 07:00:00   ;    15
24.01.1975 07:00:00   ;    10
25.01.1975 07:00:00   ;     8
26.01.1975 07:00:00   ;     6
27.01.1975 07:00:00   ;     5
28.01.1975 07:00:00   ;    15
29.01.1975 07:00:00   ;    23
30.01.1975 07:00:00   ;    45
31.01.1975 07:00:00   ;    30
01.02.1975 07:00:00   ;    30
02.02.1975 07:00:00   ;    25
03.02.1975 07:00:00   ;    23
04.02.1975 07:00:00   ;    23
05.02.1975 07:00:00   ;    25
06.02.1975 07:00:00   ;    23
07.02.1975 07:00:00   ;    22
08.02.1975 07:00:00   ;    21
09.02.1975 07:00:00   ;    20
10.02.1975 07:00:00   ;    18
11.02.1975 07:00:00   ;    16
12.02.1975 07:00:00   ;    15
13.02.1975 07:00:00   ;    14
14.02.1975 07:00:00   ;    11
15.02.1975 07:00:00   ;     8
16.02.1975 07:00:00   ;     7
17.02.1975 07:00:00   ;     7
18.02.1975 07:00:00   ;     5
19.02.1975 07:00:00   ;     3
20.02.1975 07:00:00   ;     3
21.02.1975 07:00:00   ;     3
22.02.1975 07:00:00   ;     3
23.02.1975 07:00:00   ;     2
24.02.1975 07:00:00   ;     2
25.02.1975 07:00:00   ;     2
26.02.1975 07:00:00   ;     0
27.02.1975 07:00:00   ;     0
28.02.1975 07:00:00   ;     0
01.03.1975 07:00:00   ;     0
02.03.1975 07:00:00   ;     0
03.03.1975 07:00:00   ;     0
04.03.1975 07:00:00   ;     0
05.03.1975 07:00:00   ;     1
06.03.1975 07:00:00   ;     2
07.03.1975 07:00:00   ;     1
08.03.1975 07:00:00   ;     0
09.03.1975 07:00:00   ;     0
10.03.1975 07:00:00   ;     3
11.03.1975 07:00:00   ;     7
12.03.1975 07:00:00   ;     2
13.03.1975 07:00:00   ;     3
14.03.1975 07:00:00   ;    11
15.03.1975 07:00:00   ;    35
16.03.1975 07:00:00   ;    30
17.03.1975 07:00:00   ;    40
18.03.1975 07:00:00   ;    50
19.03.1975 07:00:00   ;   100
20.03.1975 07:00:00   ;   105
21.03.1975 07:00:00   ;    85
22.03.1975 07:00:00   ;    82
23.03.1975 07:00:00   ;    72
24.03.1975 07:00:00   ;    72
25.03.1975 07:00:00   ;    72
26.03.1975 07:00:00   ;    70
27.03.1975 07:00:00   ;    60
28.03.1975 07:00:00   ;    70
29.03.1975 07:00:00   ;    85
30.03.1975 07:00:00   ;    85
31.03.1975 07:00:00   ;   160
01.04.1975 07:00:00   ;   125
02.04.1975 07:00:00   ;   120
03.04.1975 07:00:00   ;   100
04.04.1975 07:00:00   ;   100
05.04.1975 07:00:00   ;   120
06.04.1975 07:00:00   ;   110
07.04.1975 07:00:00   ;   120
08.04.1975 07:00:00   ;   100
09.04.1975 07:00:00   ;    98
10.04.1975 07:00:00   ;   105
11.04.1975 07:00:00   ;   100
12.04.1975 07:00:00   ;    98
13.04.1975 07:00:00   ;    97
14.04.1975 07:00:00   ;    90
15.04.1975 07:00:00   ;    82
16.04.1975 07:00:00   ;    86
17.04.1975 07:00:00   ;    80
18.04.1975 07:00:00   ;    70
19.04.1975 07:00:00   ;    60
20.04.1975 07:00:00   ;    55
21.04.1975 07:00:00   ;    50
22.04.1975 07:00:00   ;    45
23.04.1975 07:00:00   ;    40
24.04.1975 07:00:00   ;    33
25.04.1975 07:00:00   ;    28
26.04.1975 07:00:00   ;    27
27.04.1975 07:00:00   ;    25
28.04.1975 07:00:00   ;    20
29.04.1975 07:00:00   ;    15
30.04.1975 07:00:00   ;    10
01.05.1975 07:00:00   ;     7
02.05.1975 07:00:00   ;     0
03.05.1975 07:00:00   ;     0
04.05.1975 07:00:00   ;    15
05.05.1975 07:00:00   ;     6
06.05.1975 07:00:00   ;     2
07.05.1975 07:00:00   ;     0
08.05.1975 07:00:00   ;     0
09.05.1975 07:00:00   ;     0
10.05.1975 07:00:00   ;     0
11.05.1975 07:00:00   ;     0
12.05.1975 07:00:00   ;     0
13.05.1975 07:00:00   ;     0
14.05.1975 07:00:00   ;     0
15.05.1975 07:00:00   ;     0
16.05.1975 07:00:00   ;     0
17.05.1975 07:00:00   ;     0
18.05.1975 07:00:00   ;     0
19.05.1975 07:00:00   ;     0
20.05.1975 07:00:00   ;     0
21.05.1975 07:00:00   ;     0
22.05.1975 07:00:00   ;     0
23.05.1975 07:00:00   ;     0
24.05.1975 07:00:00   ;     0
25.05.1975 07:00:00   ;     0
26.05.1975 07:00:00   ;     0
27.05.1975 07:00:00   ;     0
28.05.1975 07:00:00   ;     0
29.05.1975 07:00:00   ;     0
30.05.1975 07:00:00   ;     0
31.05.1975 07:00:00   ;     0
01.06.1975 07:00:00   ;     0
02.06.1975 07:00:00   ;     0
03.06.1975 07:00:00   ;     0
04.06.1975 07:00:00   ;     0
05.06.1975 07:00:00   ;     0
06.06.1975 07:00:00   ;     0
07.06.1975 07:00:00   ;     0
08.06.1975 07:00:00   ;     0
09.06.1975 07:00:00   ;     0
10.06.1975 07:00:00   ;     0
11.06.1975 07:00:00   ;     0
12.06.1975 07:00:00   ;     0
13.06.1975 07:00:00   ;     0
14.06.1975 07:00:00   ;     0
15.06.1975 07:00:00   ;     0
16.06.1975 07:00:00   ;     0
17.06.1975 07:00:00   ;     0
18.06.1975 07:00:00   ;     8
19.06.1975 07:00:00   ;     0
20.06.1975 07:00:00   ;     0
21.06.1975 07:00:00   ;     0
22.06.1975 07:00:00   ;     0
23.06.1975 07:00:00   ;     0
24.06.1975 07:00:00   ;     0
25.06.1975 07:00:00   ;     0
26.06.1975 07:00:00   ;     0
27.06.1975 07:00:00   ;     0
28.06.1975 07:00:00   ;     0
29.06.1975 07:00:00   ;     0
30.06.1975 07:00:00   ;     0
01.07.1975 07:00:00   ;     0
02.07.1975 07:00:00   ;     0
03.07.1975 07:00:00   ;     0
04.07.1975 07:00:00   ;     0
05.07.1975 07:00:00   ;     0
06.07.1975 07:00:00   ;     0
07.07.1975 07:00:00   ;     0
08.07.1975 07:00:00   ;     0
09.07.1975 07:00:00   ;     0
10.07.1975 07:00:00   ;     0
11.07.1975 07:00:00   ;     0
12.07.1975 07:00:00   ;     0
13.07.1975 07:00:00   ;     0
14.07.1975 07:00:00   ;     0
15.07.1975 07:00:00   ;     0
16.07.1975 07:00:00   ;     0
17.07.1975 07:00:00   ;     0
18.07.1975 07:00:00   ;     0
19.07.1975 07:00:00   ;     0
20.07.1975 07:00:00   ;     0
21.07.1975 07:00:00   ;     0
22.07.1975 07:00:00   ;     0
23.07.1975 07:00:00   ;     0
24.07.1975 07:00:00   ;     0
25.07.1975 07:00:00   ;     0
26.07.1975 07:00:00   ;     0
27.07.1975 07:00:00   ;     0
28.07.1975 07:00:00   ;     0
29.07.1975 07:00:00   ;     0
30.07.1975 07:00:00   ;     0
31.07.1975 07:00:00   ;     0
01.08.1975 07:00:00   ;     0
02.08.1975 07:00:00   ;     0
03.08.1975 07:00:00   ;     0
04.08.1975 07:00:00   ;     0
05.08.1975 07:00:00   ;     0
06.08.1975 07:00:00   ;     0
07.08.1975 07:00:00   ;     0
08.08.1975 07:00:00   ;     0
09.08.1975 07:00:00   ;     0
10.08.1975 07:00:00   ;     0
11.08.1975 07:00:00   ;     0
12.08.1975 07:00:00   ;     0
13.08.1975 07:00:00   ;     0
14.08.1975 07:00:00   ;     0
15.08.1975 07:00:00   ;     0
16.08.1975 07:00:00   ;     0
17.08.1975 07:00:00   ;     0
18.08.1975 07:00:00   ;     0
19.08.1975 07:00:00   ;     0
20.08.1975 07:00:00   ;     0
21.08.1975 07:00:00   ;     0
22.08.1975 07:00:00   ;     0
23.08.1975 07:00:00   ;     0
24.08.1975 07:00:00   ;     0
25.08.1975 07:00:00   ;     0
26.08.1975 07:00:00   ;     0
27.08.1975 07:00:00   ;     0
28.08.1975 07:00:00   ;     0
29.08.1975 07:00:00   ;     0
30.08.1975 07:00:00   ;     0
31.08.1975 07:00:00   ;     0
01.09.1975 07:00:00   ;     0
02.09.1975 07:00:00   ;     0
03.09.1975 07:00:00   ;     0
04.09.1975 07:00:00   ;     0
05.09.1975 07:00:00   ;     0
06.09.1975 07:00:00   ;     0
07.09.1975 07:00:00   ;     0
08.09.1975 07:00:00   ;     0
09.09.1975 07:00:00   ;     0
10.09.1975 07:00:00   ;     0
11.09.1975 07:00:00   ;     0
12.09.1975 07:00:00   ;     0
13.09.1975 07:00:00   ;     0
14.09.1975 07:00:00   ;     0
15.09.1975 07:00:00   ;     0
16.09.1975 07:00:00   ;     0
17.09.1975 07:00:00   ;     0
18.09.1975 07:00:00   ;     0
19.09.1975 07:00:00   ;     0
20.09.1975 07:00:00   ;     0
21.09.1975 07:00:00   ;     0
22.09.1975 07:00:00   ;     0
23.09.1975 07:00:00   ;     0
24.09.1975 07:00:00   ;     0
25.09.1975 07:00:00   ;     0
26.09.1975 07:00:00   ;     0
27.09.1975 07:00:00   ;     0
28.09.1975 07:00:00   ;     0
29.09.1975 07:00:00   ;     0
30.09.1975 07:00:00   ;     0
01.10.1975 07:00:00   ;     0
02.10.1975 07:00:00   ;     0
03.10.1975 07:00:00   ;     0
04.10.1975 07:00:00   ;     0
05.10.1975 07:00:00   ;     0
06.10.1975 07:00:00   ;     0
07.10.1975 07:00:00   ;     0
08.10.1975 07:00:00   ;     0
09.10.1975 07:00:00   ;     0
10.10.1975 07:00:00   ;     0
11.10.1975 07:00:00   ;    12
12.10.1975 07:00:00   ;    15
13.10.1975 07:00:00   ;    25
14.10.1975 07:00:00   ;    20
15.10.1975 07:00:00   ;    13
16.10.1975 07:00:00   ;    13
17.10.1975 07:00:00   ;    18
18.10.1975 07:00:00   ;    13
19.10.1975 07:00:00   ;     5
20.10.1975 07:00:00   ;     0
21.10.1975 07:00:00   ;     0
22.10.1975 07:00:00   ;     0
23.10.1975 07:00:00   ;     0
24.10.1975 07:00:00   ;     0
25.10.1975 07:00:00   ;     0
26.10.1975 07:00:00   ;     0
27.10.1975 07:00:00   ;     0
28.10.1975 07:00:00   ;     0
29.10.1975 07:00:00   ;     0
30.10.1975 07:00:00   ;     0
31.10.1975 07:00:00   ;     0
01.11.1975 07:00:00   ;     0
02.11.1975 07:00:00   ;     0
03.11.1975 07:00:00   ;     0
04.11.1975 07:00:00   ;     0
05.11.1975 07:00:00   ;     0
06.11.1975 07:00:00   ;     0
07.11.1975 07:00:00   ;     0
08.11.1975 07:00:00   ;     0
09.11.1975 07:00:00   ;     0
10.11.1975 07:00:00   ;     0
11.11.1975 07:00:00   ;     2
12.11.1975 07:00:00   ;     1
13.11.1975 07:00:00   ;     0
14.11.1975 07:00:00   ;     1
15.11.1975 07:00:00   ;     0
16.11.1975 07:00:00   ;     0
17.11.1975 07:00:00   ;     3
18.11.1975 07:00:00   ;    62
19.11.1975 07:00:00   ;    75
20.11.1975 07:00:00   ;    73
21.11.1975 07:00:00   ;    67
22.11.1975 07:00:00   ;    68
23.11.1975 07:00:00   ;    74
24.11.1975 07:00:00   ;    73
25.11.1975 07:00:00   ;    70
26.11.1975 07:00:00   ;    65
27.11.1975 07:00:00   ;    65
28.11.1975 07:00:00   ;    64
29.11.1975 07:00:00   ;    62
30.11.1975 07:00:00   ;    62
01.12.1975 07:00:00   ;    80
02.12.1975 07:00:00   ;    72
03.12.1975 07:00:00   ;    70
04.12.1975 07:00:00   ;    68
05.12.1975 07:00:00   ;    67
06.12.1975 07:00:00   ;    65
07.12.1975 07:00:00   ;    65
08.12.1975 07:00:00   ;    63
09.12.1975 07:00:00   ;    62
10.12.1975 07:00:00   ;    60
11.12.1975 07:00:00   ;    60
12.12.1975 07:00:00   ;    60
13.12.1975 07:00:00   ;    60
14.12.1975 07:00:00   ;    60
15.12.1975 07:00:00   ;    65
16.12.1975 07:00:00   ;    63
17.12.1975 07:00:00   ;    70
18.12.1975 07:00:00   ;    70
19.12.1975 07:00:00   ;    76
20.12.1975 07:00:00   ;    70
21.12.1975 07:00:00   ;    65
22.12.1975 07:00:00   ;    60
23.12.1975 07:00:00   ;    55
24.12.1975 07:00:00   ;    50
25.12.1975 07:00:00   ;    50
26.12.1975 07:00:00   ;    48
27.12.1975 07:00:00   ;    48
28.12.1975 07:00:00   ;    45
29.12.1975 07:00:00   ;    43
30.12.1975 07:00:00   ;    43
31.12.1975 07:00:00   ;    43
01.01.1976 07:00:00   ;    40
02.01.1976 07:00:00   ;    40
03.01.1976 07:00:00   ;    40
04.01.1976 07:00:00   ;    40
05.01.1976 07:00:00   ;    40
06.01.1976 07:00:00   ;    38
07.01.1976 07:00:00   ;    38
08.01.1976 07:00:00   ;    35
09.01.1976 07:00:00   ;    35
10.01.1976 07:00:00   ;    34
11.01.1976 07:00:00   ;    34
12.01.1976 07:00:00   ;    45
13.01.1976 07:00:00   ;    40
14.01.1976 07:00:00   ;    38
15.01.1976 07:00:00   ;    38
16.01.1976 07:00:00   ;    38
17.01.1976 07:00:00   ;    38
18.01.1976 07:00:00   ;    38
19.01.1976 07:00:00   ;    37
20.01.1976 07:00:00   ;    37
21.01.1976 07:00:00   ;    37
22.01.1976 07:00:00   ;    40
23.01.1976 07:00:00   ;    45
24.01.1976 07:00:00   ;    46
25.01.1976 07:00:00   ;    43
26.01.1976 07:00:00   ;    42
27.01.1976 07:00:00   ;    42
28.01.1976 07:00:00   ;    42
29.01.1976 07:00:00   ;    42
30.01.1976 07:00:00   ;    42
31.01.1976 07:00:00   ;    42
01.02.1976 07:00:00   ;    42
02.02.1976 07:00:00   ;    45
03.02.1976 07:00:00   ;    47
04.02.1976 07:00:00   ;    45
05.02.1976 07:00:00   ;    43
06.02.1976 07:00:00   ;    40
07.02.1976 07:00:00   ;    38
08.02.1976 07:00:00   ;    37
09.02.1976 07:00:00   ;    35
10.02.1976 07:00:00   ;    35
11.02.1976 07:00:00   ;    35
12.02.1976 07:00:00   ;    35
13.02.1976 07:00:00   ;    35
14.02.1976 07:00:00   ;    39
15.02.1976 07:00:00   ;    65
16.02.1976 07:00:00   ;    68
17.02.1976 07:00:00   ;    64
18.02.1976 07:00:00   ;    67
19.02.1976 07:00:00   ;    65
20.02.1976 07:00:00   ;    64
21.02.1976 07:00:00   ;    60
22.02.1976 07:00:00   ;    57
23.02.1976 07:00:00   ;    55
24.02.1976 07:00:00   ;    50
25.02.1976 07:00:00   ;    47
26.02.1976 07:00:00   ;    40
27.02.1976 07:00:00   ;    35
28.02.1976 07:00:00   ;    30
29.02.1976 07:00:00   ;    27
01.03.1976 07:00:00   ;    25
02.03.1976 07:00:00   ;    20
03.03.1976 07:00:00   ;    18
04.03.1976 07:00:00   ;    15
05.03.1976 07:00:00   ;    13
06.03.1976 07:00:00   ;    15
07.03.1976 07:00:00   ;    17
08.03.1976 07:00:00   ;    17
09.03.1976 07:00:00   ;    16
10.03.1976 07:00:00   ;    16
11.03.1976 07:00:00   ;    15
12.03.1976 07:00:00   ;    14
13.03.1976 07:00:00   ;    12
14.03.1976 07:00:00   ;    10
15.03.1976 07:00:00   ;    10
16.03.1976 07:00:00   ;    14
17.03.1976 07:00:00   ;    10
18.03.1976 07:00:00   ;     8
19.03.1976 07:00:00   ;     6
20.03.1976 07:00:00   ;     4
21.03.1976 07:00:00   ;     4
22.03.1976 07:00:00   ;     4
23.03.1976 07:00:00   ;     3
24.03.1976 07:00:00   ;     3
25.03.1976 07:00:00   ;     2
26.03.1976 07:00:00   ;     0
27.03.1976 07:00:00   ;     0
28.03.1976 07:00:00   ;     0
29.03.1976 07:00:00   ;     0
30.03.1976 07:00:00   ;     0
31.03.1976 07:00:00   ;     0
01.04.1976 07:00:00   ;     0
02.04.1976 07:00:00   ;     0
03.04.1976 07:00:00   ;     0
04.04.1976 07:00:00   ;     0
05.04.1976 07:00:00   ;     0
06.04.1976 07:00:00   ;     0
07.04.1976 07:00:00   ;     0
08.04.1976 07:00:00   ;     0
09.04.1976 07:00:00   ;     0
10.04.1976 07:00:00   ;     0
11.04.1976 07:00:00   ;     0
12.04.1976 07:00:00   ;     0
13.04.1976 07:00:00   ;     0
14.04.1976 07:00:00   ;     0
15.04.1976 07:00:00   ;     1
16.04.1976 07:00:00   ;     0
17.04.1976 07:00:00   ;     0
18.04.1976 07:00:00   ;     0
19.04.1976 07:00:00   ;     0
20.04.1976 07:00:00   ;     0
21.04.1976 07:00:00   ;     0
22.04.1976 07:00:00   ;     0
23.04.1976 07:00:00   ;    28
24.04.1976 07:00:00   ;    50
25.04.1976 07:00:00   ;    30
26.04.1976 07:00:00   ;    22
27.04.1976 07:00:00   ;    14
28.04.1976 07:00:00   ;     5
29.04.1976 07:00:00   ;     5
30.04.1976 07:00:00   ;     0
01.05.1976 07:00:00   ;     0
02.05.1976 07:00:00   ;     0
03.05.1976 07:00:00   ;     0
04.05.1976 07:00:00   ;     0
05.05.1976 07:00:00   ;     0
06.05.1976 07:00:00   ;     0
07.05.1976 07:00:00   ;     0
08.05.1976 07:00:00   ;     0
09.05.1976 07:00:00   ;     0
10.05.1976 07:00:00   ;     0
11.05.1976 07:00:00   ;     0
12.05.1976 07:00:00   ;     0
13.05.1976 07:00:00   ;     0
14.05.1976 07:00:00   ;     6
15.05.1976 07:00:00   ;     0
16.05.1976 07:00:00   ;     0
17.05.1976 07:00:00   ;     0
18.05.1976 07:00:00   ;     0
19.05.1976 07:00:00   ;     0
20.05.1976 07:00:00   ;     0
21.05.1976 07:00:00   ;     0
22.05.1976 07:00:00   ;     0
23.05.1976 07:00:00   ;     0
24.05.1976 07:00:00   ;     0
25.05.1976 07:00:00   ;     0
26.05.1976 07:00:00   ;     0
27.05.1976 07:00:00   ;    10
28.05.1976 07:00:00   ;    10
29.05.1976 07:00:00   ;     0
30.05.1976 07:00:00   ;     0
31.05.1976 07:00:00   ;     0
01.06.1976 07:00:00   ;     0
02.06.1976 07:00:00   ;     0
03.06.1976 07:00:00   ;     0
04.06.1976 07:00:00   ;     0
05.06.1976 07:00:00   ;     0
06.06.1976 07:00:00   ;     0
07.06.1976 07:00:00   ;     0
08.06.1976 07:00:00   ;     0
09.06.1976 07:00:00   ;     0
10.06.1976 07:00:00   ;     0
11.06.1976 07:00:00   ;     0
12.06.1976 07:00:00   ;     0
13.06.1976 07:00:00   ;     0
14.06.1976 07:00:00   ;     0
15.06.1976 07:00:00   ;     0
16.06.1976 07:00:00   ;     0
17.06.1976 07:00:00   ;     0
18.06.1976 07:00:00   ;     0
19.06.1976 07:00:00   ;     0
20.06.1976 07:00:00   ;     0
21.06.1976 07:00:00   ;     0
22.06.1976 07:00:00   ;     0
23.06.1976 07:00:00   ;     0
24.06.1976 07:00:00   ;     0
25.06.1976 07:00:00   ;     0
26.06.1976 07:00:00   ;     0
27.06.1976 07:00:00   ;     0
28.06.1976 07:00:00   ;     0
29.06.1976 07:00:00   ;     0
30.06.1976 07:00:00   ;     0
01.07.1976 07:00:00   ;     0
02.07.1976 07:00:00   ;     0
03.07.1976 07:00:00   ;     0
04.07.1976 07:00:00   ;     0
05.07.1976 07:00:00   ;     0
06.07.1976 07:00:00   ;     0
07.07.1976 07:00:00   ;     0
08.07.1976 07:00:00   ;     0
09.07.1976 07:00:00   ;     0
10.07.1976 07:00:00   ;     0
11.07.1976 07:00:00   ;     0
12.07.1976 07:00:00   ;     0
13.07.1976 07:00:00   ;     0
14.07.1976 07:00:00   ;     0
15.07.1976 07:00:00   ;     0
16.07.1976 07:00:00   ;     0
17.07.1976 07:00:00   ;     0
18.07.1976 07:00:00   ;     0
19.07.1976 07:00:00   ;     0
20.07.1976 07:00:00   ;     0
21.07.1976 07:00:00   ;     0
22.07.1976 07:00:00   ;     0
23.07.1976 07:00:00   ;     0
24.07.1976 07:00:00   ;     0
25.07.1976 07:00:00   ;     0
26.07.1976 07:00:00   ;     0
27.07.1976 07:00:00   ;     0
28.07.1976 07:00:00   ;     0
29.07.1976 07:00:00   ;     0
30.07.1976 07:00:00   ;     0
31.07.1976 07:00:00   ;     0
01.08.1976 07:00:00   ;     0
02.08.1976 07:00:00   ;     0
03.08.1976 07:00:00   ;     0
04.08.1976 07:00:00   ;     0
05.08.1976 07:00:00   ;     0
06.08.1976 07:00:00   ;     0
07.08.1976 07:00:00   ;     0
08.08.1976 07:00:00   ;     0
09.08.1976 07:00:00   ;     0
10.08.1976 07:00:00   ;     0
11.08.1976 07:00:00   ;     0
12.08.1976 07:00:00   ;     0
13.08.1976 07:00:00   ;     0
14.08.1976 07:00:00   ;     0
15.08.1976 07:00:00   ;     0
16.08.1976 07:00:00   ;     0
17.08.1976 07:00:00   ;     0
18.08.1976 07:00:00   ;     0
19.08.1976 07:00:00   ;     0
20.08.1976 07:00:00   ;     0
21.08.1976 07:00:00   ;     0
22.08.1976 07:00:00   ;     0
23.08.1976 07:00:00   ;     0
24.08.1976 07:00:00   ;     0
25.08.1976 07:00:00   ;     0
26.08.1976 07:00:00   ;     0
27.08.1976 07:00:00   ;     0
28.08.1976 07:00:00   ;     0
29.08.1976 07:00:00   ;     0
30.08.1976 07:00:00   ;     0
31.08.1976 07:00:00   ;     0
01.09.1976 07:00:00   ;     0
02.09.1976 07:00:00   ;     0
03.09.1976 07:00:00   ;     0
04.09.1976 07:00:00   ;     5
05.09.1976 07:00:00   ;     0
06.09.1976 07:00:00   ;     0
07.09.1976 07:00:00   ;     0
08.09.1976 07:00:00   ;     0
09.09.1976 07:00:00   ;     0
10.09.1976 07:00:00   ;     0
11.09.1976 07:00:00   ;    20
12.09.1976 07:00:00   ;     7
13.09.1976 07:00:00   ;     0
14.09.1976 07:00:00   ;     0
15.09.1976 07:00:00   ;     0
16.09.1976 07:00:00   ;     0
17.09.1976 07:00:00   ;     0
18.09.1976 07:00:00   ;     0
19.09.1976 07:00:00   ;     0
20.09.1976 07:00:00   ;     0
21.09.1976 07:00:00   ;     0
22.09.1976 07:00:00   ;     0
23.09.1976 07:00:00   ;     0
24.09.1976 07:00:00   ;     0
25.09.1976 07:00:00   ;     0
26.09.1976 07:00:00   ;     0
27.09.1976 07:00:00   ;     0
28.09.1976 07:00:00   ;     0
29.09.1976 07:00:00   ;     0
30.09.1976 07:00:00   ;     0
01.10.1976 07:00:00   ;     0
02.10.1976 07:00:00   ;     0
03.10.1976 07:00:00   ;     0
04.10.1976 07:00:00   ;     0
05.10.1976 07:00:00   ;     0
06.10.1976 07:00:00   ;     0
07.10.1976 07:00:00   ;     0
08.10.1976 07:00:00   ;     0
09.10.1976 07:00:00   ;     0
10.10.1976 07:00:00   ;     0
11.10.1976 07:00:00   ;     0
12.10.1976 07:00:00   ;     0
13.10.1976 07:00:00   ;     0
14.10.1976 07:00:00   ;     0
15.10.1976 07:00:00   ;     0
16.10.1976 07:00:00   ;     0
17.10.1976 07:00:00   ;     7
18.10.1976 07:00:00   ;     0
19.10.1976 07:00:00   ;     0
20.10.1976 07:00:00   ;     0
21.10.1976 07:00:00   ;     0
22.10.1976 07:00:00   ;     0
23.10.1976 07:00:00   ;     0
24.10.1976 07:00:00   ;     0
25.10.1976 07:00:00   ;     0
26.10.1976 07:00:00   ;     0
27.10.1976 07:00:00   ;     0
28.10.1976 07:00:00   ;     0
29.10.1976 07:00:00   ;     0
30.10.1976 07:00:00   ;     0
31.10.1976 07:00:00   ;     5
01.11.1976 07:00:00   ;     0
02.11.1976 07:00:00   ;     0
03.11.1976 07:00:00   ;     0
04.11.1976 07:00:00   ;     5
05.11.1976 07:00:00   ;     9
06.11.1976 07:00:00   ;     1
07.11.1976 07:00:00   ;     1
08.11.1976 07:00:00   ;    10
09.11.1976 07:00:00   ;     5
10.11.1976 07:00:00   ;     2
11.11.1976 07:00:00   ;     3
12.11.1976 07:00:00   ;     0
13.11.1976 07:00:00   ;     0
14.11.1976 07:00:00   ;     0
15.11.1976 07:00:00   ;     0
16.11.1976 07:00:00   ;     0
17.11.1976 07:00:00   ;     0
18.11.1976 07:00:00   ;     0
19.11.1976 07:00:00   ;     0
20.11.1976 07:00:00   ;     1
21.11.1976 07:00:00   ;    20
22.11.1976 07:00:00   ;    15
23.11.1976 07:00:00   ;    15
24.11.1976 07:00:00   ;    15
25.11.1976 07:00:00   ;    20
26.11.1976 07:00:00   ;    18
27.11.1976 07:00:00   ;    15
28.11.1976 07:00:00   ;    12
29.11.1976 07:00:00   ;     8
30.11.1976 07:00:00   ;     7
01.12.1976 07:00:00   ;     9
02.12.1976 07:00:00   ;    15
03.12.1976 07:00:00   ;    17
04.12.1976 07:00:00   ;    15
05.12.1976 07:00:00   ;    15
06.12.1976 07:00:00   ;    15
07.12.1976 07:00:00   ;    23
08.12.1976 07:00:00   ;    33
09.12.1976 07:00:00   ;    30
10.12.1976 07:00:00   ;    26
11.12.1976 07:00:00   ;    34
12.12.1976 07:00:00   ;    34
13.12.1976 07:00:00   ;    35
14.12.1976 07:00:00   ;    34
15.12.1976 07:00:00   ;    34
16.12.1976 07:00:00   ;    33
17.12.1976 07:00:00   ;    30
18.12.1976 07:00:00   ;    28
19.12.1976 07:00:00   ;    26
20.12.1976 07:00:00   ;    24
21.12.1976 07:00:00   ;    23
22.12.1976 07:00:00   ;    22
23.12.1976 07:00:00   ;    22
24.12.1976 07:00:00   ;    22
25.12.1976 07:00:00   ;    22
26.12.1976 07:00:00   ;    21
27.12.1976 07:00:00   ;    21
28.12.1976 07:00:00   ;    21
29.12.1976 07:00:00   ;    27
30.12.1976 07:00:00   ;    27
31.12.1976 07:00:00   ;    26
01.01.1977 07:00:00   ;    26
02.01.1977 07:00:00   ;    28
03.01.1977 07:00:00   ;    28
04.01.1977 07:00:00   ;    53
05.01.1977 07:00:00   ;    73
06.01.1977 07:00:00   ;    71
07.01.1977 07:00:00   ;    62
08.01.1977 07:00:00   ;    60
09.01.1977 07:00:00   ;    60
10.01.1977 07:00:00   ;    60
11.01.1977 07:00:00   ;    68
12.01.1977 07:00:00   ;   115
13.01.1977 07:00:00   ;   115
14.01.1977 07:00:00   ;   114
15.01.1977 07:00:00   ;   130
16.01.1977 07:00:00   ;   120
17.01.1977 07:00:00   ;   110
18.01.1977 07:00:00   ;   105
19.01.1977 07:00:00   ;   100
20.01.1977 07:00:00   ;    96
21.01.1977 07:00:00   ;    92
22.01.1977 07:00:00   ;    87
23.01.1977 07:00:00   ;    85
24.01.1977 07:00:00   ;    80
25.01.1977 07:00:00   ;    80
26.01.1977 07:00:00   ;    80
27.01.1977 07:00:00   ;    90
28.01.1977 07:00:00   ;    87
29.01.1977 07:00:00   ;    95
30.01.1977 07:00:00   ;   110
31.01.1977 07:00:00   ;   110
01.02.1977 07:00:00   ;   105
02.02.1977 07:00:00   ;   100
03.02.1977 07:00:00   ;    95
04.02.1977 07:00:00   ;    93
05.02.1977 07:00:00   ;    90
06.02.1977 07:00:00   ;    85
07.02.1977 07:00:00   ;    80
08.02.1977 07:00:00   ;    78
09.02.1977 07:00:00   ;    75
10.02.1977 07:00:00   ;    75
11.02.1977 07:00:00   ;   110
12.02.1977 07:00:00   ;   105
13.02.1977 07:00:00   ;   110
14.02.1977 07:00:00   ;   105
15.02.1977 07:00:00   ;   105
16.02.1977 07:00:00   ;   100
17.02.1977 07:00:00   ;    95
18.02.1977 07:00:00   ;    93
19.02.1977 07:00:00   ;    90
20.02.1977 07:00:00   ;    85
21.02.1977 07:00:00   ;    93
22.02.1977 07:00:00   ;   120
23.02.1977 07:00:00   ;   130
24.02.1977 07:00:00   ;   115
25.02.1977 07:00:00   ;   120
26.02.1977 07:00:00   ;   130
27.02.1977 07:00:00   ;   120
28.02.1977 07:00:00   ;   117
01.03.1977 07:00:00   ;   115
02.03.1977 07:00:00   ;   113
03.03.1977 07:00:00   ;   110
04.03.1977 07:00:00   ;   100
05.03.1977 07:00:00   ;    95
06.03.1977 07:00:00   ;    90
07.03.1977 07:00:00   ;    87
08.03.1977 07:00:00   ;    83
09.03.1977 07:00:00   ;    70
10.03.1977 07:00:00   ;    60
11.03.1977 07:00:00   ;    50
12.03.1977 07:00:00   ;    55
13.03.1977 07:00:00   ;    60
14.03.1977 07:00:00   ;    50
15.03.1977 07:00:00   ;    50
16.03.1977 07:00:00   ;    45
17.03.1977 07:00:00   ;    40
18.03.1977 07:00:00   ;    35
19.03.1977 07:00:00   ;    36
20.03.1977 07:00:00   ;    40
21.03.1977 07:00:00   ;    45
22.03.1977 07:00:00   ;    37
23.03.1977 07:00:00   ;    28
24.03.1977 07:00:00   ;    20
25.03.1977 07:00:00   ;    12
26.03.1977 07:00:00   ;     8
27.03.1977 07:00:00   ;     2
28.03.1977 07:00:00   ;     1
29.03.1977 07:00:00   ;    14
30.03.1977 07:00:00   ;    24
31.03.1977 07:00:00   ;    30
01.04.1977 07:00:00   ;    25
02.04.1977 07:00:00   ;    15
03.04.1977 07:00:00   ;     8
04.04.1977 07:00:00   ;    13
05.04.1977 07:00:00   ;    29
06.04.1977 07:00:00   ;    15
07.04.1977 07:00:00   ;     8
08.04.1977 07:00:00   ;    20
09.04.1977 07:00:00   ;    20
10.04.1977 07:00:00   ;    20
11.04.1977 07:00:00   ;    15
12.04.1977 07:00:00   ;    15
13.04.1977 07:00:00   ;    10
14.04.1977 07:00:00   ;     5
15.04.1977 07:00:00   ;     5
16.04.1977 07:00:00   ;     3
17.04.1977 07:00:00   ;     0
18.04.1977 07:00:00   ;     0
19.04.1977 07:00:00   ;     0
20.04.1977 07:00:00   ;    15
21.04.1977 07:00:00   ;     0
22.04.1977 07:00:00   ;     0
23.04.1977 07:00:00   ;     0
24.04.1977 07:00:00   ;     0
25.04.1977 07:00:00   ;     0
26.04.1977 07:00:00   ;     0
27.04.1977 07:00:00   ;     0
28.04.1977 07:00:00   ;     0
29.04.1977 07:00:00   ;     0
30.04.1977 07:00:00   ;     0
01.05.1977 07:00:00   ;     0
02.05.1977 07:00:00   ;     0
03.05.1977 07:00:00   ;     0
04.05.1977 07:00:00   ;     0
05.05.1977 07:00:00   ;     0
06.05.1977 07:00:00   ;     0
07.05.1977 07:00:00   ;     0
08.05.1977 07:00:00   ;     4
09.05.1977 07:00:00   ;     8
10.05.1977 07:00:00   ;     0
11.05.1977 07:00:00   ;     0
12.05.1977 07:00:00   ;     0
13.05.1977 07:00:00   ;     0
14.05.1977 07:00:00   ;    25
15.05.1977 07:00:00   ;    15
16.05.1977 07:00:00   ;     5
17.05.1977 07:00:00   ;     0
18.05.1977 07:00:00   ;     0
19.05.1977 07:00:00   ;     0
20.05.1977 07:00:00   ;     0
21.05.1977 07:00:00   ;     0
22.05.1977 07:00:00   ;     0
23.05.1977 07:00:00   ;     0
24.05.1977 07:00:00   ;     0
25.05.1977 07:00:00   ;     0
26.05.1977 07:00:00   ;     0
27.05.1977 07:00:00   ;     0
28.05.1977 07:00:00   ;     0
29.05.1977 07:00:00   ;     0
30.05.1977 07:00:00   ;     0
31.05.1977 07:00:00   ;     0
01.06.1977 07:00:00   ;     0
02.06.1977 07:00:00   ;     0
03.06.1977 07:00:00   ;     0
04.06.1977 07:00:00   ;     0
05.06.1977 07:00:00   ;     0
06.06.1977 07:00:00   ;     0
07.06.1977 07:00:00   ;     0
08.06.1977 07:00:00   ;     0
09.06.1977 07:00:00   ;     0
10.06.1977 07:00:00   ;     0
11.06.1977 07:00:00   ;     0
12.06.1977 07:00:00   ;     0
13.06.1977 07:00:00   ;     0
14.06.1977 07:00:00   ;     0
15.06.1977 07:00:00   ;     0
16.06.1977 07:00:00   ;     0
17.06.1977 07:00:00   ;     0
18.06.1977 07:00:00   ;     0
19.06.1977 07:00:00   ;     0
20.06.1977 07:00:00   ;     0
21.06.1977 07:00:00   ;     0
22.06.1977 07:00:00   ;     0
23.06.1977 07:00:00   ;     0
24.06.1977 07:00:00   ;     0
25.06.1977 07:00:00   ;     0
26.06.1977 07:00:00   ;     0
27.06.1977 07:00:00   ;     0
28.06.1977 07:00:00   ;     0
29.06.1977 07:00:00   ;     0
30.06.1977 07:00:00   ;     0
01.07.1977 07:00:00   ;     0
02.07.1977 07:00:00   ;     0
03.07.1977 07:00:00   ;     0
04.07.1977 07:00:00   ;     0
05.07.1977 07:00:00   ;     0
06.07.1977 07:00:00   ;     0
07.07.1977 07:00:00   ;     0
08.07.1977 07:00:00   ;     0
09.07.1977 07:00:00   ;     0
10.07.1977 07:00:00   ;     0
11.07.1977 07:00:00   ;     0
12.07.1977 07:00:00   ;     0
13.07.1977 07:00:00   ;     0
14.07.1977 07:00:00   ;     0
15.07.1977 07:00:00   ;     0
16.07.1977 07:00:00   ;     0
17.07.1977 07:00:00   ;     0
18.07.1977 07:00:00   ;     0
19.07.1977 07:00:00   ;     0
20.07.1977 07:00:00   ;     0
21.07.1977 07:00:00   ;     0
22.07.1977 07:00:00   ;     0
23.07.1977 07:00:00   ;     0
24.07.1977 07:00:00   ;     0
25.07.1977 07:00:00   ;     0
26.07.1977 07:00:00   ;     0
27.07.1977 07:00:00   ;     0
28.07.1977 07:00:00   ;     0
29.07.1977 07:00:00   ;     0
30.07.1977 07:00:00   ;     0
31.07.1977 07:00:00   ;     0
01.08.1977 07:00:00   ;     0
02.08.1977 07:00:00   ;     0
03.08.1977 07:00:00   ;     0
04.08.1977 07:00:00   ;     0
05.08.1977 07:00:00   ;     0
06.08.1977 07:00:00   ;     0
07.08.1977 07:00:00   ;     0
08.08.1977 07:00:00   ;     0
09.08.1977 07:00:00   ;     0
10.08.1977 07:00:00   ;     0
11.08.1977 07:00:00   ;     0
12.08.1977 07:00:00   ;     0
13.08.1977 07:00:00   ;     0
14.08.1977 07:00:00   ;     0
15.08.1977 07:00:00   ;     0
16.08.1977 07:00:00   ;     0
17.08.1977 07:00:00   ;     0
18.08.1977 07:00:00   ;     0
19.08.1977 07:00:00   ;     0
20.08.1977 07:00:00   ;     0
21.08.1977 07:00:00   ;     0
22.08.1977 07:00:00   ;     0
23.08.1977 07:00:00   ;     0
24.08.1977 07:00:00   ;     0
25.08.1977 07:00:00   ;     0
26.08.1977 07:00:00   ;     0
27.08.1977 07:00:00   ;     0
28.08.1977 07:00:00   ;     0
29.08.1977 07:00:00   ;     0
30.08.1977 07:00:00   ;     0
31.08.1977 07:00:00   ;     0
01.09.1977 07:00:00   ;     0
02.09.1977 07:00:00   ;     0
03.09.1977 07:00:00   ;     0
04.09.1977 07:00:00   ;     0
05.09.1977 07:00:00   ;     0
06.09.1977 07:00:00   ;     0
07.09.1977 07:00:00   ;     0
08.09.1977 07:00:00   ;     0
09.09.1977 07:00:00   ;     0
10.09.1977 07:00:00   ;     0
11.09.1977 07:00:00   ;     0
12.09.1977 07:00:00   ;     0
13.09.1977 07:00:00   ;     0
14.09.1977 07:00:00   ;     0
15.09.1977 07:00:00   ;     0
16.09.1977 07:00:00   ;     0
17.09.1977 07:00:00   ;     0
18.09.1977 07:00:00   ;     0
19.09.1977 07:00:00   ;     0
20.09.1977 07:00:00   ;     0
21.09.1977 07:00:00   ;     0
22.09.1977 07:00:00   ;     0
23.09.1977 07:00:00   ;     0
24.09.1977 07:00:00   ;     0
25.09.1977 07:00:00   ;     0
26.09.1977 07:00:00   ;     0
27.09.1977 07:00:00   ;     0
28.09.1977 07:00:00   ;     0
29.09.1977 07:00:00   ;     0
30.09.1977 07:00:00   ;     0
01.10.1977 07:00:00   ;     0
02.10.1977 07:00:00   ;     0
03.10.1977 07:00:00   ;     1
04.10.1977 07:00:00   ;     0
05.10.1977 07:00:00   ;     0
06.10.1977 07:00:00   ;     0
07.10.1977 07:00:00   ;     0
08.10.1977 07:00:00   ;     0
09.10.1977 07:00:00   ;     0
10.10.1977 07:00:00   ;     0
11.10.1977 07:00:00   ;     0
12.10.1977 07:00:00   ;     0
13.10.1977 07:00:00   ;     0
14.10.1977 07:00:00   ;     0
15.10.1977 07:00:00   ;     0
16.10.1977 07:00:00   ;     0
17.10.1977 07:00:00   ;     0
18.10.1977 07:00:00   ;     0
19.10.1977 07:00:00   ;     0
20.10.1977 07:00:00   ;     0
21.10.1977 07:00:00   ;     0
22.10.1977 07:00:00   ;     0
23.10.1977 07:00:00   ;     0
24.10.1977 07:00:00   ;     0
25.10.1977 07:00:00   ;     0
26.10.1977 07:00:00   ;     0
27.10.1977 07:00:00   ;     0
28.10.1977 07:00:00   ;     0
29.10.1977 07:00:00   ;     0
30.10.1977 07:00:00   ;     0
31.10.1977 07:00:00   ;     0
01.11.1977 07:00:00   ;     0
02.11.1977 07:00:00   ;     0
03.11.1977 07:00:00   ;     7
04.11.1977 07:00:00   ;     0
05.11.1977 07:00:00   ;     0
06.11.1977 07:00:00   ;     0
07.11.1977 07:00:00   ;     0
08.11.1977 07:00:00   ;     0
09.11.1977 07:00:00   ;     0
10.11.1977 07:00:00   ;     0
11.11.1977 07:00:00   ;     0
12.11.1977 07:00:00   ;     0
13.11.1977 07:00:00   ;     0
14.11.1977 07:00:00   ;     8
15.11.1977 07:00:00   ;     3
16.11.1977 07:00:00   ;     5
17.11.1977 07:00:00   ;     3
18.11.1977 07:00:00   ;     4
19.11.1977 07:00:00   ;     2
20.11.1977 07:00:00   ;     2
21.11.1977 07:00:00   ;     2
22.11.1977 07:00:00   ;    22
23.11.1977 07:00:00   ;    16
24.11.1977 07:00:00   ;    14
25.11.1977 07:00:00   ;    13
26.11.1977 07:00:00   ;    17
27.11.1977 07:00:00   ;    15
28.11.1977 07:00:00   ;    12
29.11.1977 07:00:00   ;    13
30.11.1977 07:00:00   ;    12
01.12.1977 07:00:00   ;    12
02.12.1977 07:00:00   ;    14
03.12.1977 07:00:00   ;    13
04.12.1977 07:00:00   ;    13
05.12.1977 07:00:00   ;    12
06.12.1977 07:00:00   ;    12
07.12.1977 07:00:00   ;    16
08.12.1977 07:00:00   ;    15
09.12.1977 07:00:00   ;    16
10.12.1977 07:00:00   ;    16
11.12.1977 07:00:00   ;    19
12.12.1977 07:00:00   ;    17
13.12.1977 07:00:00   ;    24
14.12.1977 07:00:00   ;    26
15.12.1977 07:00:00   ;    23
16.12.1977 07:00:00   ;    21
17.12.1977 07:00:00   ;    20
18.12.1977 07:00:00   ;    20
19.12.1977 07:00:00   ;    19
20.12.1977 07:00:00   ;    19
21.12.1977 07:00:00   ;    19
22.12.1977 07:00:00   ;    19
23.12.1977 07:00:00   ;    19
24.12.1977 07:00:00   ;    19
25.12.1977 07:00:00   ;    19
26.12.1977 07:00:00   ;    17
27.12.1977 07:00:00   ;    17
28.12.1977 07:00:00   ;    24
29.12.1977 07:00:00   ;    22
30.12.1977 07:00:00   ;    19
31.12.1977 07:00:00   ;    18
01.01.1978 07:00:00   ;    24
02.01.1978 07:00:00   ;    22
03.01.1978 07:00:00   ;    21
04.01.1978 07:00:00   ;    20
05.01.1978 07:00:00   ;    21
06.01.1978 07:00:00   ;    21
07.01.1978 07:00:00   ;    20
08.01.1978 07:00:00   ;    20
09.01.1978 07:00:00   ;    20
10.01.1978 07:00:00   ;    20
11.01.1978 07:00:00   ;    20
12.01.1978 07:00:00   ;    36
13.01.1978 07:00:00   ;    56
14.01.1978 07:00:00   ;    57
15.01.1978 07:00:00   ;    53
16.01.1978 07:00:00   ;    63
17.01.1978 07:00:00   ;    60
18.01.1978 07:00:00   ;    63
19.01.1978 07:00:00   ;    59
20.01.1978 07:00:00   ;    69
21.01.1978 07:00:00   ;    70
22.01.1978 07:00:00   ;    66
23.01.1978 07:00:00   ;    64
24.01.1978 07:00:00   ;    60
25.01.1978 07:00:00   ;    60
26.01.1978 07:00:00   ;    59
27.01.1978 07:00:00   ;    56
28.01.1978 07:00:00   ;    55
29.01.1978 07:00:00   ;    88
30.01.1978 07:00:00   ;    86
31.01.1978 07:00:00   ;    85
01.02.1978 07:00:00   ;    84
02.02.1978 07:00:00   ;    80
03.02.1978 07:00:00   ;    80
04.02.1978 07:00:00   ;    75
05.02.1978 07:00:00   ;    72
06.02.1978 07:00:00   ;    71
07.02.1978 07:00:00   ;    69
08.02.1978 07:00:00   ;    69
09.02.1978 07:00:00   ;    67
10.02.1978 07:00:00   ;    65
11.02.1978 07:00:00   ;   110
12.02.1978 07:00:00   ;   120
13.02.1978 07:00:00   ;   110
14.02.1978 07:00:00   ;   102
15.02.1978 07:00:00   ;   102
16.02.1978 07:00:00   ;   102
17.02.1978 07:00:00   ;    98
18.02.1978 07:00:00   ;    98
19.02.1978 07:00:00   ;    97
20.02.1978 07:00:00   ;   100
21.02.1978 07:00:00   ;    90
22.02.1978 07:00:00   ;    85
23.02.1978 07:00:00   ;    80
24.02.1978 07:00:00   ;    78
25.02.1978 07:00:00   ;    75
26.02.1978 07:00:00   ;    71
27.02.1978 07:00:00   ;    73
28.02.1978 07:00:00   ;    68
01.03.1978 07:00:00   ;    65
02.03.1978 07:00:00   ;    61
03.03.1978 07:00:00   ;    60
04.03.1978 07:00:00   ;    60
05.03.1978 07:00:00   ;    60
06.03.1978 07:00:00   ;    61
07.03.1978 07:00:00   ;    60
08.03.1978 07:00:00   ;    57
09.03.1978 07:00:00   ;    57
10.03.1978 07:00:00   ;    56
11.03.1978 07:00:00   ;    50
12.03.1978 07:00:00   ;    50
13.03.1978 07:00:00   ;    48
14.03.1978 07:00:00   ;    45
15.03.1978 07:00:00   ;    44
16.03.1978 07:00:00   ;    46
17.03.1978 07:00:00   ;    78
18.03.1978 07:00:00   ;    62
19.03.1978 07:00:00   ;    60
20.03.1978 07:00:00   ;    60
21.03.1978 07:00:00   ;    75
22.03.1978 07:00:00   ;    76
23.03.1978 07:00:00   ;    65
24.03.1978 07:00:00   ;    64
25.03.1978 07:00:00   ;    64
26.03.1978 07:00:00   ;    60
27.03.1978 07:00:00   ;    64
28.03.1978 07:00:00   ;    62
29.03.1978 07:00:00   ;    58
30.03.1978 07:00:00   ;    55
31.03.1978 07:00:00   ;    45
01.04.1978 07:00:00   ;    43
02.04.1978 07:00:00   ;    40
03.04.1978 07:00:00   ;    38
04.04.1978 07:00:00   ;    30
05.04.1978 07:00:00   ;    26
06.04.1978 07:00:00   ;    25
07.04.1978 07:00:00   ;    25
08.04.1978 07:00:00   ;    24
09.04.1978 07:00:00   ;    23
10.04.1978 07:00:00   ;    22
11.04.1978 07:00:00   ;    23
12.04.1978 07:00:00   ;    30
13.04.1978 07:00:00   ;    62
14.04.1978 07:00:00   ;    60
15.04.1978 07:00:00   ;    60
16.04.1978 07:00:00   ;    58
17.04.1978 07:00:00   ;    57
18.04.1978 07:00:00   ;    52
19.04.1978 07:00:00   ;    45
20.04.1978 07:00:00   ;    35
21.04.1978 07:00:00   ;    30
22.04.1978 07:00:00   ;    25
23.04.1978 07:00:00   ;    22
24.04.1978 07:00:00   ;    20
25.04.1978 07:00:00   ;    15
26.04.1978 07:00:00   ;    10
27.04.1978 07:00:00   ;    10
28.04.1978 07:00:00   ;     5
29.04.1978 07:00:00   ;     1
30.04.1978 07:00:00   ;     0
01.05.1978 07:00:00   ;     0
02.05.1978 07:00:00   ;     0
03.05.1978 07:00:00   ;     0
04.05.1978 07:00:00   ;     0
05.05.1978 07:00:00   ;     0
06.05.1978 07:00:00   ;     0
07.05.1978 07:00:00   ;     1
08.05.1978 07:00:00   ;     0
09.05.1978 07:00:00   ;     0
10.05.1978 07:00:00   ;     0
11.05.1978 07:00:00   ;     0
12.05.1978 07:00:00   ;     0
13.05.1978 07:00:00   ;     3
14.05.1978 07:00:00   ;     0
15.05.1978 07:00:00   ;     0
16.05.1978 07:00:00   ;     4
17.05.1978 07:00:00   ;     0
18.05.1978 07:00:00   ;     0
19.05.1978 07:00:00   ;     0
20.05.1978 07:00:00   ;     0
21.05.1978 07:00:00   ;     0
22.05.1978 07:00:00   ;     0
23.05.1978 07:00:00   ;     0
24.05.1978 07:00:00   ;     0
25.05.1978 07:00:00   ;     0
26.05.1978 07:00:00   ;     0
27.05.1978 07:00:00   ;     0
28.05.1978 07:00:00   ;     0
29.05.1978 07:00:00   ;     0
30.05.1978 07:00:00   ;     0
31.05.1978 07:00:00   ;     0
01.06.1978 07:00:00   ;     0
02.06.1978 07:00:00   ;     0
03.06.1978 07:00:00   ;     0
04.06.1978 07:00:00   ;     0
05.06.1978 07:00:00   ;     0
06.06.1978 07:00:00   ;     0
07.06.1978 07:00:00   ;     0
08.06.1978 07:00:00   ;     0
09.06.1978 07:00:00   ;     0
10.06.1978 07:00:00   ;     0
11.06.1978 07:00:00   ;     0
12.06.1978 07:00:00   ;     0
13.06.1978 07:00:00   ;     0
14.06.1978 07:00:00   ;     0
15.06.1978 07:00:00   ;     0
16.06.1978 07:00:00   ;     0
17.06.1978 07:00:00   ;     0
18.06.1978 07:00:00   ;     0
19.06.1978 07:00:00   ;     0
20.06.1978 07:00:00   ;     0
21.06.1978 07:00:00   ;     0
22.06.1978 07:00:00   ;     0
23.06.1978 07:00:00   ;     0
24.06.1978 07:00:00   ;     0
25.06.1978 07:00:00   ;     0
26.06.1978 07:00:00   ;     2
27.06.1978 07:00:00   ;     0
28.06.1978 07:00:00   ;     0
29.06.1978 07:00:00   ;     0
30.06.1978 07:00:00   ;     0
01.07.1978 07:00:00   ;     0
02.07.1978 07:00:00   ;     0
03.07.1978 07:00:00   ;     0
04.07.1978 07:00:00   ;     0
05.07.1978 07:00:00   ;     0
06.07.1978 07:00:00   ;     0
07.07.1978 07:00:00   ;     0
08.07.1978 07:00:00   ;     0
09.07.1978 07:00:00   ;     0
10.07.1978 07:00:00   ;     0
11.07.1978 07:00:00   ;     0
12.07.1978 07:00:00   ;     0
13.07.1978 07:00:00   ;     0
14.07.1978 07:00:00   ;     0
15.07.1978 07:00:00   ;     0
16.07.1978 07:00:00   ;     0
17.07.1978 07:00:00   ;     0
18.07.1978 07:00:00   ;     0
19.07.1978 07:00:00   ;     0
20.07.1978 07:00:00   ;     0
21.07.1978 07:00:00   ;     0
22.07.1978 07:00:00   ;     0
23.07.1978 07:00:00   ;     0
24.07.1978 07:00:00   ;     0
25.07.1978 07:00:00   ;     0
26.07.1978 07:00:00   ;     0
27.07.1978 07:00:00   ;     0
28.07.1978 07:00:00   ;     0
29.07.1978 07:00:00   ;     0
30.07.1978 07:00:00   ;     0
31.07.1978 07:00:00   ;     0
01.08.1978 07:00:00   ;     0
02.08.1978 07:00:00   ;     0
03.08.1978 07:00:00   ;     0
04.08.1978 07:00:00   ;     0
05.08.1978 07:00:00   ;     0
06.08.1978 07:00:00   ;     0
07.08.1978 07:00:00   ;     0
08.08.1978 07:00:00   ;     0
09.08.1978 07:00:00   ;     0
10.08.1978 07:00:00   ;     0
11.08.1978 07:00:00   ;     0
12.08.1978 07:00:00   ;     0
13.08.1978 07:00:00   ;     0
14.08.1978 07:00:00   ;     0
15.08.1978 07:00:00   ;     0
16.08.1978 07:00:00   ;     0
17.08.1978 07:00:00   ;     0
18.08.1978 07:00:00   ;     0
19.08.1978 07:00:00   ;     0
20.08.1978 07:00:00   ;     0
21.08.1978 07:00:00   ;     0
22.08.1978 07:00:00   ;     0
23.08.1978 07:00:00   ;     0
24.08.1978 07:00:00   ;     0
25.08.1978 07:00:00   ;     0
26.08.1978 07:00:00   ;     0
27.08.1978 07:00:00   ;     0
28.08.1978 07:00:00   ;     0
29.08.1978 07:00:00   ;     0
30.08.1978 07:00:00   ;     0
31.08.1978 07:00:00   ;     0
01.09.1978 07:00:00   ;     0
02.09.1978 07:00:00   ;     0
03.09.1978 07:00:00   ;     0
04.09.1978 07:00:00   ;     0
05.09.1978 07:00:00   ;     0
06.09.1978 07:00:00   ;     0
07.09.1978 07:00:00   ;     0
08.09.1978 07:00:00   ;     0
09.09.1978 07:00:00   ;     0
10.09.1978 07:00:00   ;     0
11.09.1978 07:00:00   ;     0
12.09.1978 07:00:00   ;     0
13.09.1978 07:00:00   ;     0
14.09.1978 07:00:00   ;     0
15.09.1978 07:00:00   ;     0
16.09.1978 07:00:00   ;     0
17.09.1978 07:00:00   ;     0
18.09.1978 07:00:00   ;     0
19.09.1978 07:00:00   ;     0
20.09.1978 07:00:00   ;     0
21.09.1978 07:00:00   ;     0
22.09.1978 07:00:00   ;     0
23.09.1978 07:00:00   ;     0
24.09.1978 07:00:00   ;     0
25.09.1978 07:00:00   ;     0
26.09.1978 07:00:00   ;     0
27.09.1978 07:00:00   ;     0
28.09.1978 07:00:00   ;     3
29.09.1978 07:00:00   ;     1
30.09.1978 07:00:00   ;     0
01.10.1978 07:00:00   ;    35
02.10.1978 07:00:00   ;    30
03.10.1978 07:00:00   ;    20
04.10.1978 07:00:00   ;    10
05.10.1978 07:00:00   ;     5
06.10.1978 07:00:00   ;     0
07.10.1978 07:00:00   ;     0
08.10.1978 07:00:00   ;     0
09.10.1978 07:00:00   ;     0
10.10.1978 07:00:00   ;     0
11.10.1978 07:00:00   ;     0
12.10.1978 07:00:00   ;     0
13.10.1978 07:00:00   ;     0
14.10.1978 07:00:00   ;     0
15.10.1978 07:00:00   ;     0
16.10.1978 07:00:00   ;     0
17.10.1978 07:00:00   ;     0
18.10.1978 07:00:00   ;     0
19.10.1978 07:00:00   ;     0
20.10.1978 07:00:00   ;     0
21.10.1978 07:00:00   ;     0
22.10.1978 07:00:00   ;     0
23.10.1978 07:00:00   ;     0
24.10.1978 07:00:00   ;     0
25.10.1978 07:00:00   ;     0
26.10.1978 07:00:00   ;     0
27.10.1978 07:00:00   ;     0
28.10.1978 07:00:00   ;     0
29.10.1978 07:00:00   ;     0
30.10.1978 07:00:00   ;     0
31.10.1978 07:00:00   ;     0
01.11.1978 07:00:00   ;     0
02.11.1978 07:00:00   ;     0
03.11.1978 07:00:00   ;     0
04.11.1978 07:00:00   ;     0
05.11.1978 07:00:00   ;     0
06.11.1978 07:00:00   ;     0
07.11.1978 07:00:00   ;     0
08.11.1978 07:00:00   ;     0
09.11.1978 07:00:00   ;     0
10.11.1978 07:00:00   ;     0
11.11.1978 07:00:00   ;     0
12.11.1978 07:00:00   ;     0
13.11.1978 07:00:00   ;     0
14.11.1978 07:00:00   ;     0
15.11.1978 07:00:00   ;     0
16.11.1978 07:00:00   ;     0
17.11.1978 07:00:00   ;     0
18.11.1978 07:00:00   ;     0
19.11.1978 07:00:00   ;     0
20.11.1978 07:00:00   ;     0
21.11.1978 07:00:00   ;     0
22.11.1978 07:00:00   ;     0
23.11.1978 07:00:00   ;     0
24.11.1978 07:00:00   ;     0
25.11.1978 07:00:00   ;     0
26.11.1978 07:00:00   ;     1
27.11.1978 07:00:00   ;    30
28.11.1978 07:00:00   ;    27
29.11.1978 07:00:00   ;    22
30.11.1978 07:00:00   ;    22
01.12.1978 07:00:00   ;    21
02.12.1978 07:00:00   ;    20
03.12.1978 07:00:00   ;    18
04.12.1978 07:00:00   ;    18
05.12.1978 07:00:00   ;    18
06.12.1978 07:00:00   ;    17
07.12.1978 07:00:00   ;    17
08.12.1978 07:00:00   ;    16
09.12.1978 07:00:00   ;    17
10.12.1978 07:00:00   ;    17
11.12.1978 07:00:00   ;    14
12.12.1978 07:00:00   ;    12
13.12.1978 07:00:00   ;    13
14.12.1978 07:00:00   ;    11
15.12.1978 07:00:00   ;    10
16.12.1978 07:00:00   ;    10
17.12.1978 07:00:00   ;    22
18.12.1978 07:00:00   ;    20
19.12.1978 07:00:00   ;    22
20.12.1978 07:00:00   ;    43
21.12.1978 07:00:00   ;    41
22.12.1978 07:00:00   ;    35
23.12.1978 07:00:00   ;    45
24.12.1978 07:00:00   ;    42
25.12.1978 07:00:00   ;    41
26.12.1978 07:00:00   ;    36
27.12.1978 07:00:00   ;    33
28.12.1978 07:00:00   ;    34
29.12.1978 07:00:00   ;    35
30.12.1978 07:00:00   ;    46
31.12.1978 07:00:00   ;    43
01.01.1979 07:00:00   ;    40
02.01.1979 07:00:00   ;    40
03.01.1979 07:00:00   ;    40
04.01.1979 07:00:00   ;    40
05.01.1979 07:00:00   ;    40
06.01.1979 07:00:00   ;    40
07.01.1979 07:00:00   ;    40
08.01.1979 07:00:00   ;    40
09.01.1979 07:00:00   ;    40
10.01.1979 07:00:00   ;    50
11.01.1979 07:00:00   ;    53
12.01.1979 07:00:00   ;    56
13.01.1979 07:00:00   ;    56
14.01.1979 07:00:00   ;    52
15.01.1979 07:00:00   ;    52
16.01.1979 07:00:00   ;    52
17.01.1979 07:00:00   ;    52
18.01.1979 07:00:00   ;    52
19.01.1979 07:00:00   ;    52
20.01.1979 07:00:00   ;    50
21.01.1979 07:00:00   ;    48
22.01.1979 07:00:00   ;    47
23.01.1979 07:00:00   ;    46
24.01.1979 07:00:00   ;    52
25.01.1979 07:00:00   ;    71
26.01.1979 07:00:00   ;    66
27.01.1979 07:00:00   ;    67
28.01.1979 07:00:00   ;    80
29.01.1979 07:00:00   ;    75
30.01.1979 07:00:00   ;    80
31.01.1979 07:00:00   ;    76
01.02.1979 07:00:00   ;    75
02.02.1979 07:00:00   ;    75
03.02.1979 07:00:00   ;    75
04.02.1979 07:00:00   ;    72
05.02.1979 07:00:00   ;    71
06.02.1979 07:00:00   ;    70
07.02.1979 07:00:00   ;    68
08.02.1979 07:00:00   ;    68
09.02.1979 07:00:00   ;    65
10.02.1979 07:00:00   ;    68
11.02.1979 07:00:00   ;    65
12.02.1979 07:00:00   ;    76
13.02.1979 07:00:00   ;    77
14.02.1979 07:00:00   ;    74
15.02.1979 07:00:00   ;    74
16.02.1979 07:00:00   ;    70
17.02.1979 07:00:00   ;   116
18.02.1979 07:00:00   ;   123
19.02.1979 07:00:00   ;   120
20.02.1979 07:00:00   ;   118
21.02.1979 07:00:00   ;   113
22.02.1979 07:00:00   ;   108
23.02.1979 07:00:00   ;   106
24.02.1979 07:00:00   ;   105
25.02.1979 07:00:00   ;   103
26.02.1979 07:00:00   ;   101
27.02.1979 07:00:00   ;   100
28.02.1979 07:00:00   ;    99
01.03.1979 07:00:00   ;    98
02.03.1979 07:00:00   ;    99
03.03.1979 07:00:00   ;    95
04.03.1979 07:00:00   ;    91
05.03.1979 07:00:00   ;    86
06.03.1979 07:00:00   ;    84
07.03.1979 07:00:00   ;    81
08.03.1979 07:00:00   ;    90
09.03.1979 07:00:00   ;    81
10.03.1979 07:00:00   ;    80
11.03.1979 07:00:00   ;    81
12.03.1979 07:00:00   ;    90
13.03.1979 07:00:00   ;    76
14.03.1979 07:00:00   ;    70
15.03.1979 07:00:00   ;    70
16.03.1979 07:00:00   ;   101
17.03.1979 07:00:00   ;   132
18.03.1979 07:00:00   ;   115
19.03.1979 07:00:00   ;   112
20.03.1979 07:00:00   ;   100
21.03.1979 07:00:00   ;   105
22.03.1979 07:00:00   ;    95
23.03.1979 07:00:00   ;    94
24.03.1979 07:00:00   ;    97
25.03.1979 07:00:00   ;    90
26.03.1979 07:00:00   ;    89
27.03.1979 07:00:00   ;    91
28.03.1979 07:00:00   ;    89
29.03.1979 07:00:00   ;   115
30.03.1979 07:00:00   ;   110
31.03.1979 07:00:00   ;   101
01.04.1979 07:00:00   ;    96
02.04.1979 07:00:00   ;    92
03.04.1979 07:00:00   ;    90
04.04.1979 07:00:00   ;   105
05.04.1979 07:00:00   ;    97
06.04.1979 07:00:00   ;   100
07.04.1979 07:00:00   ;    95
08.04.1979 07:00:00   ;    95
09.04.1979 07:00:00   ;    90
10.04.1979 07:00:00   ;    85
11.04.1979 07:00:00   ;    80
12.04.1979 07:00:00   ;    80
13.04.1979 07:00:00   ;    75
14.04.1979 07:00:00   ;    70
15.04.1979 07:00:00   ;    65
16.04.1979 07:00:00   ;    61
17.04.1979 07:00:00   ;    63
18.04.1979 07:00:00   ;    60
19.04.1979 07:00:00   ;    56
20.04.1979 07:00:00   ;    55
21.04.1979 07:00:00   ;    51
22.04.1979 07:00:00   ;    49
23.04.1979 07:00:00   ;    47
24.04.1979 07:00:00   ;    44
25.04.1979 07:00:00   ;    70
26.04.1979 07:00:00   ;    59
27.04.1979 07:00:00   ;    55
28.04.1979 07:00:00   ;    50
29.04.1979 07:00:00   ;    45
30.04.1979 07:00:00   ;    41
01.05.1979 07:00:00   ;    40
02.05.1979 07:00:00   ;    40
03.05.1979 07:00:00   ;   100
04.05.1979 07:00:00   ;   110
05.05.1979 07:00:00   ;   100
06.05.1979 07:00:00   ;    85
07.05.1979 07:00:00   ;    70
08.05.1979 07:00:00   ;    64
09.05.1979 07:00:00   ;    58
10.05.1979 07:00:00   ;    50
11.05.1979 07:00:00   ;    42
12.05.1979 07:00:00   ;    37
13.05.1979 07:00:00   ;    29
14.05.1979 07:00:00   ;    17
15.05.1979 07:00:00   ;     5
16.05.1979 07:00:00   ;     0
17.05.1979 07:00:00   ;     0
18.05.1979 07:00:00   ;     0
19.05.1979 07:00:00   ;     0
20.05.1979 07:00:00   ;     0
21.05.1979 07:00:00   ;     0
22.05.1979 07:00:00   ;     0
23.05.1979 07:00:00   ;     0
24.05.1979 07:00:00   ;     0
25.05.1979 07:00:00   ;     0
26.05.1979 07:00:00   ;     0
27.05.1979 07:00:00   ;     0
28.05.1979 07:00:00   ;     0
29.05.1979 07:00:00   ;     0
30.05.1979 07:00:00   ;     0
31.05.1979 07:00:00   ;     0
01.06.1979 07:00:00   ;     0
02.06.1979 07:00:00   ;     0
03.06.1979 07:00:00   ;     0
04.06.1979 07:00:00   ;     0
05.06.1979 07:00:00   ;     0
06.06.1979 07:00:00   ;     0
07.06.1979 07:00:00   ;     0
08.06.1979 07:00:00   ;     0
09.06.1979 07:00:00   ;     0
10.06.1979 07:00:00   ;     0
11.06.1979 07:00:00   ;     0
12.06.1979 07:00:00   ;     0
13.06.1979 07:00:00   ;     0
14.06.1979 07:00:00   ;     0
15.06.1979 07:00:00   ;     0
16.06.1979 07:00:00   ;     2
17.06.1979 07:00:00   ;    17
18.06.1979 07:00:00   ;     0
19.06.1979 07:00:00   ;     0
20.06.1979 07:00:00   ;     0
21.06.1979 07:00:00   ;     0
22.06.1979 07:00:00   ;     0
23.06.1979 07:00:00   ;     0
24.06.1979 07:00:00   ;     0
25.06.1979 07:00:00   ;     0
26.06.1979 07:00:00   ;     0
27.06.1979 07:00:00   ;     0
28.06.1979 07:00:00   ;     0
29.06.1979 07:00:00   ;     0
30.06.1979 07:00:00   ;     0
01.07.1979 07:00:00   ;     0
02.07.1979 07:00:00   ;     0
03.07.1979 07:00:00   ;     0
04.07.1979 07:00:00   ;     0
05.07.1979 07:00:00   ;     0
06.07.1979 07:00:00   ;     0
07.07.1979 07:00:00   ;     0
08.07.1979 07:00:00   ;     0
09.07.1979 07:00:00   ;     0
10.07.1979 07:00:00   ;     0
11.07.1979 07:00:00   ;     0
12.07.1979 07:00:00   ;     0
13.07.1979 07:00:00   ;     0
14.07.1979 07:00:00   ;     0
15.07.1979 07:00:00   ;     0
16.07.1979 07:00:00   ;     0
17.07.1979 07:00:00   ;     0
18.07.1979 07:00:00   ;     0
19.07.1979 07:00:00   ;     0
20.07.1979 07:00:00   ;     0
21.07.1979 07:00:00   ;     0
22.07.1979 07:00:00   ;     0
23.07.1979 07:00:00   ;     0
24.07.1979 07:00:00   ;     0
25.07.1979 07:00:00   ;     0
26.07.1979 07:00:00   ;     0
27.07.1979 07:00:00   ;     0
28.07.1979 07:00:00   ;     0
29.07.1979 07:00:00   ;     0
30.07.1979 07:00:00   ;     0
31.07.1979 07:00:00   ;     0
01.08.1979 07:00:00   ;     0
02.08.1979 07:00:00   ;     0
03.08.1979 07:00:00   ;     0
04.08.1979 07:00:00   ;     0
05.08.1979 07:00:00   ;     0
06.08.1979 07:00:00   ;     0
07.08.1979 07:00:00   ;     0
08.08.1979 07:00:00   ;     0
09.08.1979 07:00:00   ;     0
10.08.1979 07:00:00   ;     0
11.08.1979 07:00:00   ;     0
12.08.1979 07:00:00   ;     0
13.08.1979 07:00:00   ;     0
14.08.1979 07:00:00   ;     0
15.08.1979 07:00:00   ;     0
16.08.1979 07:00:00   ;     0
17.08.1979 07:00:00   ;     0
18.08.1979 07:00:00   ;     0
19.08.1979 07:00:00   ;     0
20.08.1979 07:00:00   ;     0
21.08.1979 07:00:00   ;     0
22.08.1979 07:00:00   ;     0
23.08.1979 07:00:00   ;     0
24.08.1979 07:00:00   ;     0
25.08.1979 07:00:00   ;     3
26.08.1979 07:00:00   ;     0
27.08.1979 07:00:00   ;     0
28.08.1979 07:00:00   ;     0
29.08.1979 07:00:00   ;     0
30.08.1979 07:00:00   ;     0
31.08.1979 07:00:00   ;     0
01.09.1979 07:00:00   ;     0
02.09.1979 07:00:00   ;     0
03.09.1979 07:00:00   ;     0
04.09.1979 07:00:00   ;     0
05.09.1979 07:00:00   ;     0
06.09.1979 07:00:00   ;     0
07.09.1979 07:00:00   ;     0
08.09.1979 07:00:00   ;     0
09.09.1979 07:00:00   ;     0
10.09.1979 07:00:00   ;     0
11.09.1979 07:00:00   ;     0
12.09.1979 07:00:00   ;     0
13.09.1979 07:00:00   ;     0
14.09.1979 07:00:00   ;     0
15.09.1979 07:00:00   ;     0
16.09.1979 07:00:00   ;     0
17.09.1979 07:00:00   ;     0
18.09.1979 07:00:00   ;     0
19.09.1979 07:00:00   ;     0
20.09.1979 07:00:00   ;     0
21.09.1979 07:00:00   ;     0
22.09.1979 07:00:00   ;     0
23.09.1979 07:00:00   ;     0
24.09.1979 07:00:00   ;     0
25.09.1979 07:00:00   ;     0
26.09.1979 07:00:00   ;     0
27.09.1979 07:00:00   ;     0
28.09.1979 07:00:00   ;     0
29.09.1979 07:00:00   ;     0
30.09.1979 07:00:00   ;     0
01.10.1979 07:00:00   ;     0
02.10.1979 07:00:00   ;     0
03.10.1979 07:00:00   ;     0
04.10.1979 07:00:00   ;     0
05.10.1979 07:00:00   ;     0
06.10.1979 07:00:00   ;     0
07.10.1979 07:00:00   ;     0
08.10.1979 07:00:00   ;     0
09.10.1979 07:00:00   ;     0
10.10.1979 07:00:00   ;     0
11.10.1979 07:00:00   ;     0
12.10.1979 07:00:00   ;     0
13.10.1979 07:00:00   ;     0
14.10.1979 07:00:00   ;     0
15.10.1979 07:00:00   ;     0
16.10.1979 07:00:00   ;     0
17.10.1979 07:00:00   ;     0
18.10.1979 07:00:00   ;     0
19.10.1979 07:00:00   ;     0
20.10.1979 07:00:00   ;     0
21.10.1979 07:00:00   ;     0
22.10.1979 07:00:00   ;     0
23.10.1979 07:00:00   ;     0
24.10.1979 07:00:00   ;     0
25.10.1979 07:00:00   ;     0
26.10.1979 07:00:00   ;     0
27.10.1979 07:00:00   ;     0
28.10.1979 07:00:00   ;     0
29.10.1979 07:00:00   ;     0
30.10.1979 07:00:00   ;     0
31.10.1979 07:00:00   ;     0
01.11.1979 07:00:00   ;     0
02.11.1979 07:00:00   ;     0
03.11.1979 07:00:00   ;     2
04.11.1979 07:00:00   ;     0
05.11.1979 07:00:00   ;     0
06.11.1979 07:00:00   ;     1
07.11.1979 07:00:00   ;    40
08.11.1979 07:00:00   ;    35
09.11.1979 07:00:00   ;    19
10.11.1979 07:00:00   ;    20
11.11.1979 07:00:00   ;    43
12.11.1979 07:00:00   ;    38
13.11.1979 07:00:00   ;    34
14.11.1979 07:00:00   ;    32
15.11.1979 07:00:00   ;    41
16.11.1979 07:00:00   ;    60
17.11.1979 07:00:00   ;    65
18.11.1979 07:00:00   ;    60
19.11.1979 07:00:00   ;    68
20.11.1979 07:00:00   ;    67
21.11.1979 07:00:00   ;    59
22.11.1979 07:00:00   ;    59
23.11.1979 07:00:00   ;    58
24.11.1979 07:00:00   ;    53
25.11.1979 07:00:00   ;    50
26.11.1979 07:00:00   ;    49
27.11.1979 07:00:00   ;    45
28.11.1979 07:00:00   ;    33
29.11.1979 07:00:00   ;    30
30.11.1979 07:00:00   ;    27
01.12.1979 07:00:00   ;    25
02.12.1979 07:00:00   ;    23
03.12.1979 07:00:00   ;    21
04.12.1979 07:00:00   ;    20
05.12.1979 07:00:00   ;    20
06.12.1979 07:00:00   ;    18
07.12.1979 07:00:00   ;    16
08.12.1979 07:00:00   ;    14
09.12.1979 07:00:00   ;    12
10.12.1979 07:00:00   ;    10
11.12.1979 07:00:00   ;     9
12.12.1979 07:00:00   ;    14
13.12.1979 07:00:00   ;    15
14.12.1979 07:00:00   ;    10
15.12.1979 07:00:00   ;    31
16.12.1979 07:00:00   ;    32
17.12.1979 07:00:00   ;    30
18.12.1979 07:00:00   ;    25
19.12.1979 07:00:00   ;    25
20.12.1979 07:00:00   ;    33
21.12.1979 07:00:00   ;    34
22.12.1979 07:00:00   ;    86
23.12.1979 07:00:00   ;   120
24.12.1979 07:00:00   ;   120
25.12.1979 07:00:00   ;   101
26.12.1979 07:00:00   ;    96
27.12.1979 07:00:00   ;    92
28.12.1979 07:00:00   ;    90
29.12.1979 07:00:00   ;    95
30.12.1979 07:00:00   ;    88
31.12.1979 07:00:00   ;    87
01.01.1980 07:00:00   ;    87
02.01.1980 07:00:00   ;    87
03.01.1980 07:00:00   ;    90
04.01.1980 07:00:00   ;    86
05.01.1980 07:00:00   ;    94
06.01.1980 07:00:00   ;    90
07.01.1980 07:00:00   ;    86
08.01.1980 07:00:00   ;    85
09.01.1980 07:00:00   ;    81
10.01.1980 07:00:00   ;    81
11.01.1980 07:00:00   ;    80
12.01.1980 07:00:00   ;    78
13.01.1980 07:00:00   ;    83
14.01.1980 07:00:00   ;    81
15.01.1980 07:00:00   ;    79
16.01.1980 07:00:00   ;    89
17.01.1980 07:00:00   ;    86
18.01.1980 07:00:00   ;    84
19.01.1980 07:00:00   ;    80
20.01.1980 07:00:00   ;    80
21.01.1980 07:00:00   ;    84
22.01.1980 07:00:00   ;    84
23.01.1980 07:00:00   ;   108
24.01.1980 07:00:00   ;   110
25.01.1980 07:00:00   ;    95
26.01.1980 07:00:00   ;    91
27.01.1980 07:00:00   ;    89
28.01.1980 07:00:00   ;    86
29.01.1980 07:00:00   ;    84
30.01.1980 07:00:00   ;    82
31.01.1980 07:00:00   ;    82
01.02.1980 07:00:00   ;   108
02.02.1980 07:00:00   ;   100
03.02.1980 07:00:00   ;    95
04.02.1980 07:00:00   ;    96
05.02.1980 07:00:00   ;    92
06.02.1980 07:00:00   ;    92
07.02.1980 07:00:00   ;    90
08.02.1980 07:00:00   ;    89
09.02.1980 07:00:00   ;    87
10.02.1980 07:00:00   ;    84
11.02.1980 07:00:00   ;    82
12.02.1980 07:00:00   ;    80
13.02.1980 07:00:00   ;    80
14.02.1980 07:00:00   ;    80
15.02.1980 07:00:00   ;    80
16.02.1980 07:00:00   ;    80
17.02.1980 07:00:00   ;    80
18.02.1980 07:00:00   ;    80
19.02.1980 07:00:00   ;    80
20.02.1980 07:00:00   ;    80
21.02.1980 07:00:00   ;    79
22.02.1980 07:00:00   ;    79
23.02.1980 07:00:00   ;    79
24.02.1980 07:00:00   ;    79
25.02.1980 07:00:00   ;    78
26.02.1980 07:00:00   ;    77
27.02.1980 07:00:00   ;    74
28.02.1980 07:00:00   ;    73
29.02.1980 07:00:00   ;    71
01.03.1980 07:00:00   ;    70
02.03.1980 07:00:00   ;    68
03.03.1980 07:00:00   ;    65
04.03.1980 07:00:00   ;    65
05.03.1980 07:00:00   ;    64
06.03.1980 07:00:00   ;    64
07.03.1980 07:00:00   ;    62
08.03.1980 07:00:00   ;    75
09.03.1980 07:00:00   ;    73
10.03.1980 07:00:00   ;    67
11.03.1980 07:00:00   ;    64
12.03.1980 07:00:00   ;    64
13.03.1980 07:00:00   ;    65
14.03.1980 07:00:00   ;    69
15.03.1980 07:00:00   ;    74
16.03.1980 07:00:00   ;    83
17.03.1980 07:00:00   ;    77
18.03.1980 07:00:00   ;    72
19.03.1980 07:00:00   ;    66
20.03.1980 07:00:00   ;    63
21.03.1980 07:00:00   ;    68
22.03.1980 07:00:00   ;    63
23.03.1980 07:00:00   ;    65
24.03.1980 07:00:00   ;    69
25.03.1980 07:00:00   ;    65
26.03.1980 07:00:00   ;    65
27.03.1980 07:00:00   ;    68
28.03.1980 07:00:00   ;    63
29.03.1980 07:00:00   ;    58
30.03.1980 07:00:00   ;    53
31.03.1980 07:00:00   ;    50
01.04.1980 07:00:00   ;    48
02.04.1980 07:00:00   ;    43
03.04.1980 07:00:00   ;    40
04.04.1980 07:00:00   ;    40
05.04.1980 07:00:00   ;    40
06.04.1980 07:00:00   ;    38
07.04.1980 07:00:00   ;    37
08.04.1980 07:00:00   ;    34
09.04.1980 07:00:00   ;    31
10.04.1980 07:00:00   ;    30
11.04.1980 07:00:00   ;    28
12.04.1980 07:00:00   ;    24
13.04.1980 07:00:00   ;    20
14.04.1980 07:00:00   ;    17
15.04.1980 07:00:00   ;     0
16.04.1980 07:00:00   ;     0
17.04.1980 07:00:00   ;     0
18.04.1980 07:00:00   ;     0
19.04.1980 07:00:00   ;     0
20.04.1980 07:00:00   ;     0
21.04.1980 07:00:00   ;     0
22.04.1980 07:00:00   ;     0
23.04.1980 07:00:00   ;     0
24.04.1980 07:00:00   ;     0
25.04.1980 07:00:00   ;     2
26.04.1980 07:00:00   ;     0
27.04.1980 07:00:00   ;    20
28.04.1980 07:00:00   ;    15
29.04.1980 07:00:00   ;    12
30.04.1980 07:00:00   ;     0
01.05.1980 07:00:00   ;     0
02.05.1980 07:00:00   ;     0
03.05.1980 07:00:00   ;     0
04.05.1980 07:00:00   ;     0
05.05.1980 07:00:00   ;     5
06.05.1980 07:00:00   ;     0
07.05.1980 07:00:00   ;     0
08.05.1980 07:00:00   ;     0
09.05.1980 07:00:00   ;     0
10.05.1980 07:00:00   ;     0
11.05.1980 07:00:00   ;     0
12.05.1980 07:00:00   ;     0
13.05.1980 07:00:00   ;     0
14.05.1980 07:00:00   ;     0
15.05.1980 07:00:00   ;     5
16.05.1980 07:00:00   ;     0
17.05.1980 07:00:00   ;     1
18.05.1980 07:00:00   ;     0
19.05.1980 07:00:00   ;     0
20.05.1980 07:00:00   ;     0
21.05.1980 07:00:00   ;     0
22.05.1980 07:00:00   ;     0
23.05.1980 07:00:00   ;     0
24.05.1980 07:00:00   ;     0
25.05.1980 07:00:00   ;     0
26.05.1980 07:00:00   ;     0
27.05.1980 07:00:00   ;     0
28.05.1980 07:00:00   ;     0
29.05.1980 07:00:00   ;     0
30.05.1980 07:00:00   ;     0
31.05.1980 07:00:00   ;     0
01.06.1980 07:00:00   ;     0
02.06.1980 07:00:00   ;     0
03.06.1980 07:00:00   ;     0
04.06.1980 07:00:00   ;     0
05.06.1980 07:00:00   ;     0
06.06.1980 07:00:00   ;     0
07.06.1980 07:00:00   ;     0
08.06.1980 07:00:00   ;     0
09.06.1980 07:00:00   ;     0
10.06.1980 07:00:00   ;     0
11.06.1980 07:00:00   ;     0
12.06.1980 07:00:00   ;     0
13.06.1980 07:00:00   ;     0
14.06.1980 07:00:00   ;     0
15.06.1980 07:00:00   ;     0
16.06.1980 07:00:00   ;     0
17.06.1980 07:00:00   ;     0
18.06.1980 07:00:00   ;     0
19.06.1980 07:00:00   ;     0
20.06.1980 07:00:00   ;     0
21.06.1980 07:00:00   ;     0
22.06.1980 07:00:00   ;     0
23.06.1980 07:00:00   ;     0
24.06.1980 07:00:00   ;     0
25.06.1980 07:00:00   ;     0
26.06.1980 07:00:00   ;     0
27.06.1980 07:00:00   ;     0
28.06.1980 07:00:00   ;     0
29.06.1980 07:00:00   ;     0
30.06.1980 07:00:00   ;     0
01.07.1980 07:00:00   ;     0
02.07.1980 07:00:00   ;     0
03.07.1980 07:00:00   ;     0
04.07.1980 07:00:00   ;     0
05.07.1980 07:00:00   ;     0
06.07.1980 07:00:00   ;     0
07.07.1980 07:00:00   ;     0
08.07.1980 07:00:00   ;     0
09.07.1980 07:00:00   ;     0
10.07.1980 07:00:00   ;     0
11.07.1980 07:00:00   ;     0
12.07.1980 07:00:00   ;     0
13.07.1980 07:00:00   ;     0
14.07.1980 07:00:00   ;     0
15.07.1980 07:00:00   ;     0
16.07.1980 07:00:00   ;     0
17.07.1980 07:00:00   ;     0
18.07.1980 07:00:00   ;     0
19.07.1980 07:00:00   ;     0
20.07.1980 07:00:00   ;     0
21.07.1980 07:00:00   ;     1
22.07.1980 07:00:00   ;     0
23.07.1980 07:00:00   ;     0
24.07.1980 07:00:00   ;     0
25.07.1980 07:00:00   ;     0
26.07.1980 07:00:00   ;     0
27.07.1980 07:00:00   ;     0
28.07.1980 07:00:00   ;     0
29.07.1980 07:00:00   ;     0
30.07.1980 07:00:00   ;     0
31.07.1980 07:00:00   ;     0
01.08.1980 07:00:00   ;     0
02.08.1980 07:00:00   ;     0
03.08.1980 07:00:00   ;     0
04.08.1980 07:00:00   ;     0
05.08.1980 07:00:00   ;     0
06.08.1980 07:00:00   ;     0
07.08.1980 07:00:00   ;     0
08.08.1980 07:00:00   ;     0
09.08.1980 07:00:00   ;     0
10.08.1980 07:00:00   ;     0
11.08.1980 07:00:00   ;     0
12.08.1980 07:00:00   ;     0
13.08.1980 07:00:00   ;     0
14.08.1980 07:00:00   ;     0
15.08.1980 07:00:00   ;     0
16.08.1980 07:00:00   ;     0
17.08.1980 07:00:00   ;     0
18.08.1980 07:00:00   ;     0
19.08.1980 07:00:00   ;     0
20.08.1980 07:00:00   ;     0
21.08.1980 07:00:00   ;     0
22.08.1980 07:00:00   ;     0
23.08.1980 07:00:00   ;     0
24.08.1980 07:00:00   ;     0
25.08.1980 07:00:00   ;     0
26.08.1980 07:00:00   ;     0
27.08.1980 07:00:00   ;     0
28.08.1980 07:00:00   ;     0
29.08.1980 07:00:00   ;     0
30.08.1980 07:00:00   ;     0
31.08.1980 07:00:00   ;     0
01.09.1980 07:00:00   ;     0
02.09.1980 07:00:00   ;     0
03.09.1980 07:00:00   ;     0
04.09.1980 07:00:00   ;     0
05.09.1980 07:00:00   ;     0
06.09.1980 07:00:00   ;     0
07.09.1980 07:00:00   ;     0
08.09.1980 07:00:00   ;     0
09.09.1980 07:00:00   ;     0
10.09.1980 07:00:00   ;     0
11.09.1980 07:00:00   ;     0
12.09.1980 07:00:00   ;     0
13.09.1980 07:00:00   ;     0
14.09.1980 07:00:00   ;     0
15.09.1980 07:00:00   ;     0
16.09.1980 07:00:00   ;     0
17.09.1980 07:00:00   ;     0
18.09.1980 07:00:00   ;     0
19.09.1980 07:00:00   ;     0
20.09.1980 07:00:00   ;     0
21.09.1980 07:00:00   ;     0
22.09.1980 07:00:00   ;     0
23.09.1980 07:00:00   ;     0
24.09.1980 07:00:00   ;     0
25.09.1980 07:00:00   ;     0
26.09.1980 07:00:00   ;     0
27.09.1980 07:00:00   ;     0
28.09.1980 07:00:00   ;     0
29.09.1980 07:00:00   ;     0
30.09.1980 07:00:00   ;     0
01.10.1980 07:00:00   ;     0
02.10.1980 07:00:00   ;     0
03.10.1980 07:00:00   ;     0
04.10.1980 07:00:00   ;     0
05.10.1980 07:00:00   ;     0
06.10.1980 07:00:00   ;     0
07.10.1980 07:00:00   ;     0
08.10.1980 07:00:00   ;     0
09.10.1980 07:00:00   ;    20
10.10.1980 07:00:00   ;    21
11.10.1980 07:00:00   ;    21
12.10.1980 07:00:00   ;    27
13.10.1980 07:00:00   ;    20
14.10.1980 07:00:00   ;    10
15.10.1980 07:00:00   ;     5
16.10.1980 07:00:00   ;     0
17.10.1980 07:00:00   ;     0
18.10.1980 07:00:00   ;     0
19.10.1980 07:00:00   ;     0
20.10.1980 07:00:00   ;     0
21.10.1980 07:00:00   ;     0
22.10.1980 07:00:00   ;     0
23.10.1980 07:00:00   ;     0
24.10.1980 07:00:00   ;     0
25.10.1980 07:00:00   ;     2
26.10.1980 07:00:00   ;    25
27.10.1980 07:00:00   ;    20
28.10.1980 07:00:00   ;    10
29.10.1980 07:00:00   ;     0
30.10.1980 07:00:00   ;     0
31.10.1980 07:00:00   ;     0
01.11.1980 07:00:00   ;     0
02.11.1980 07:00:00   ;     0
03.11.1980 07:00:00   ;     2
04.11.1980 07:00:00   ;     1
05.11.1980 07:00:00   ;    10
06.11.1980 07:00:00   ;     9
07.11.1980 07:00:00   ;     4
08.11.1980 07:00:00   ;     2
09.11.1980 07:00:00   ;     1
10.11.1980 07:00:00   ;     1
11.11.1980 07:00:00   ;     1
12.11.1980 07:00:00   ;     1
13.11.1980 07:00:00   ;    12
14.11.1980 07:00:00   ;     8
15.11.1980 07:00:00   ;     7
16.11.1980 07:00:00   ;     3
17.11.1980 07:00:00   ;     1
18.11.1980 07:00:00   ;     1
19.11.1980 07:00:00   ;     1
20.11.1980 07:00:00   ;     0
21.11.1980 07:00:00   ;     0
22.11.1980 07:00:00   ;     0
23.11.1980 07:00:00   ;     0
24.11.1980 07:00:00   ;     0
25.11.1980 07:00:00   ;     0
26.11.1980 07:00:00   ;     0
27.11.1980 07:00:00   ;    10
28.11.1980 07:00:00   ;    20
29.11.1980 07:00:00   ;    20
30.11.1980 07:00:00   ;    18
01.12.1980 07:00:00   ;    15
02.12.1980 07:00:00   ;    14
03.12.1980 07:00:00   ;    14
04.12.1980 07:00:00   ;    14
05.12.1980 07:00:00   ;    16
06.12.1980 07:00:00   ;    23
07.12.1980 07:00:00   ;    24
08.12.1980 07:00:00   ;    22
09.12.1980 07:00:00   ;    20
10.12.1980 07:00:00   ;    18
11.12.1980 07:00:00   ;    17
12.12.1980 07:00:00   ;    16
13.12.1980 07:00:00   ;    15
14.12.1980 07:00:00   ;    15
15.12.1980 07:00:00   ;    15
16.12.1980 07:00:00   ;    35
17.12.1980 07:00:00   ;    38
18.12.1980 07:00:00   ;    35
19.12.1980 07:00:00   ;    36
20.12.1980 07:00:00   ;    41
21.12.1980 07:00:00   ;    56
22.12.1980 07:00:00   ;    52
23.12.1980 07:00:00   ;    50
24.12.1980 07:00:00   ;    45
25.12.1980 07:00:00   ;    42
26.12.1980 07:00:00   ;    41
27.12.1980 07:00:00   ;    43
28.12.1980 07:00:00   ;    42
29.12.1980 07:00:00   ;    42
30.12.1980 07:00:00   ;    40
31.12.1980 07:00:00   ;    39
01.01.1981 07:00:00   ;    37
02.01.1981 07:00:00   ;    39
03.01.1981 07:00:00   ;    39
04.01.1981 07:00:00   ;    36
05.01.1981 07:00:00   ;    40
06.01.1981 07:00:00   ;    42
07.01.1981 07:00:00   ;    42
08.01.1981 07:00:00   ;    42
09.01.1981 07:00:00   ;    42
10.01.1981 07:00:00   ;    41
11.01.1981 07:00:00   ;    40
12.01.1981 07:00:00   ;    40
13.01.1981 07:00:00   ;    40
14.01.1981 07:00:00   ;    40
15.01.1981 07:00:00   ;    40
16.01.1981 07:00:00   ;    40
17.01.1981 07:00:00   ;    40
18.01.1981 07:00:00   ;    40
19.01.1981 07:00:00   ;    40
20.01.1981 07:00:00   ;    48
21.01.1981 07:00:00   ;    48
22.01.1981 07:00:00   ;    45
23.01.1981 07:00:00   ;    45
24.01.1981 07:00:00   ;    44
25.01.1981 07:00:00   ;    44
26.01.1981 07:00:00   ;    43
27.01.1981 07:00:00   ;    43
28.01.1981 07:00:00   ;    43
29.01.1981 07:00:00   ;    42
30.01.1981 07:00:00   ;    42
31.01.1981 07:00:00   ;    41
01.02.1981 07:00:00   ;    41
02.02.1981 07:00:00   ;    40
03.02.1981 07:00:00   ;    39
04.02.1981 07:00:00   ;    38
05.02.1981 07:00:00   ;    43
06.02.1981 07:00:00   ;    45
07.02.1981 07:00:00   ;    42
08.02.1981 07:00:00   ;    40
09.02.1981 07:00:00   ;    38
10.02.1981 07:00:00   ;    37
11.02.1981 07:00:00   ;    40
12.02.1981 07:00:00   ;    40
13.02.1981 07:00:00   ;    39
14.02.1981 07:00:00   ;    39
15.02.1981 07:00:00   ;    39
16.02.1981 07:00:00   ;    36
17.02.1981 07:00:00   ;    35
18.02.1981 07:00:00   ;    35
19.02.1981 07:00:00   ;    37
20.02.1981 07:00:00   ;    37
21.02.1981 07:00:00   ;    37
22.02.1981 07:00:00   ;    36
23.02.1981 07:00:00   ;    36
24.02.1981 07:00:00   ;    50
25.02.1981 07:00:00   ;    47
26.02.1981 07:00:00   ;    45
27.02.1981 07:00:00   ;    43
28.02.1981 07:00:00   ;    42
01.03.1981 07:00:00   ;    42
02.03.1981 07:00:00   ;    42
03.03.1981 07:00:00   ;    40
04.03.1981 07:00:00   ;    42
05.03.1981 07:00:00   ;    40
06.03.1981 07:00:00   ;    40
07.03.1981 07:00:00   ;    37
08.03.1981 07:00:00   ;    32
09.03.1981 07:00:00   ;    31
10.03.1981 07:00:00   ;    30
11.03.1981 07:00:00   ;    25
12.03.1981 07:00:00   ;    18
13.03.1981 07:00:00   ;    10
14.03.1981 07:00:00   ;     5
15.03.1981 07:00:00   ;     5
16.03.1981 07:00:00   ;    13
17.03.1981 07:00:00   ;    10
18.03.1981 07:00:00   ;    15
19.03.1981 07:00:00   ;    20
20.03.1981 07:00:00   ;    10
21.03.1981 07:00:00   ;     6
22.03.1981 07:00:00   ;     2
23.03.1981 07:00:00   ;     0
24.03.1981 07:00:00   ;     0
25.03.1981 07:00:00   ;     0
26.03.1981 07:00:00   ;     0
27.03.1981 07:00:00   ;     0
28.03.1981 07:00:00   ;     0
29.03.1981 07:00:00   ;     0
30.03.1981 07:00:00   ;     0
31.03.1981 07:00:00   ;     0
01.04.1981 07:00:00   ;     0
02.04.1981 07:00:00   ;     0
03.04.1981 07:00:00   ;     0
04.04.1981 07:00:00   ;     0
05.04.1981 07:00:00   ;     0
06.04.1981 07:00:00   ;    20
07.04.1981 07:00:00   ;     0
08.04.1981 07:00:00   ;     0
09.04.1981 07:00:00   ;     0
10.04.1981 07:00:00   ;     0
11.04.1981 07:00:00   ;     0
12.04.1981 07:00:00   ;     0
13.04.1981 07:00:00   ;     0
14.04.1981 07:00:00   ;     0
15.04.1981 07:00:00   ;     0
16.04.1981 07:00:00   ;     0
17.04.1981 07:00:00   ;     0
18.04.1981 07:00:00   ;     0
19.04.1981 07:00:00   ;     0
20.04.1981 07:00:00   ;     2
21.04.1981 07:00:00   ;     2
22.04.1981 07:00:00   ;     0
23.04.1981 07:00:00   ;     0
24.04.1981 07:00:00   ;     0
25.04.1981 07:00:00   ;     5
26.04.1981 07:00:00   ;     1
27.04.1981 07:00:00   ;    23
28.04.1981 07:00:00   ;    20
29.04.1981 07:00:00   ;    10
30.04.1981 07:00:00   ;     0
01.05.1981 07:00:00   ;     0
02.05.1981 07:00:00   ;     0
03.05.1981 07:00:00   ;     9
04.05.1981 07:00:00   ;    25
05.05.1981 07:00:00   ;    22
06.05.1981 07:00:00   ;    12
07.05.1981 07:00:00   ;     0
08.05.1981 07:00:00   ;     0
09.05.1981 07:00:00   ;     0
10.05.1981 07:00:00   ;     0
11.05.1981 07:00:00   ;     0
12.05.1981 07:00:00   ;     0
13.05.1981 07:00:00   ;     0
14.05.1981 07:00:00   ;     0
15.05.1981 07:00:00   ;     0
16.05.1981 07:00:00   ;     0
17.05.1981 07:00:00   ;     0
18.05.1981 07:00:00   ;     0
19.05.1981 07:00:00   ;     0
20.05.1981 07:00:00   ;     0
21.05.1981 07:00:00   ;     0
22.05.1981 07:00:00   ;     0
23.05.1981 07:00:00   ;     0
24.05.1981 07:00:00   ;     0
25.05.1981 07:00:00   ;     0
26.05.1981 07:00:00   ;     0
27.05.1981 07:00:00   ;     0
28.05.1981 07:00:00   ;     0
29.05.1981 07:00:00   ;     0
30.05.1981 07:00:00   ;     0
31.05.1981 07:00:00   ;     0
01.06.1981 07:00:00   ;     0
02.06.1981 07:00:00   ;     0
03.06.1981 07:00:00   ;     0
04.06.1981 07:00:00   ;     0
05.06.1981 07:00:00   ;     0
06.06.1981 07:00:00   ;     0
07.06.1981 07:00:00   ;     0
08.06.1981 07:00:00   ;     0
09.06.1981 07:00:00   ;     0
10.06.1981 07:00:00   ;     0
11.06.1981 07:00:00   ;     0
12.06.1981 07:00:00   ;     0
13.06.1981 07:00:00   ;     0
14.06.1981 07:00:00   ;     0
15.06.1981 07:00:00   ;     0
16.06.1981 07:00:00   ;     0
17.06.1981 07:00:00   ;     0
18.06.1981 07:00:00   ;     0
19.06.1981 07:00:00   ;     0
20.06.1981 07:00:00   ;     0
21.06.1981 07:00:00   ;     0
22.06.1981 07:00:00   ;     1
23.06.1981 07:00:00   ;     0
24.06.1981 07:00:00   ;     0
25.06.1981 07:00:00   ;     0
26.06.1981 07:00:00   ;     0
27.06.1981 07:00:00   ;     0
28.06.1981 07:00:00   ;     0
29.06.1981 07:00:00   ;     0
30.06.1981 07:00:00   ;     0
01.07.1981 07:00:00   ;     0
02.07.1981 07:00:00   ;     0
03.07.1981 07:00:00   ;     0
04.07.1981 07:00:00   ;     0
05.07.1981 07:00:00   ;     0
06.07.1981 07:00:00   ;     0
07.07.1981 07:00:00   ;     0
08.07.1981 07:00:00   ;     0
09.07.1981 07:00:00   ;     0
10.07.1981 07:00:00   ;     0
11.07.1981 07:00:00   ;     0
12.07.1981 07:00:00   ;     0
13.07.1981 07:00:00   ;     0
14.07.1981 07:00:00   ;     0
15.07.1981 07:00:00   ;     0
16.07.1981 07:00:00   ;     0
17.07.1981 07:00:00   ;     0
18.07.1981 07:00:00   ;     0
19.07.1981 07:00:00   ;     0
20.07.1981 07:00:00   ;     0
21.07.1981 07:00:00   ;     0
22.07.1981 07:00:00   ;     0
23.07.1981 07:00:00   ;     0
24.07.1981 07:00:00   ;     0
25.07.1981 07:00:00   ;     0
26.07.1981 07:00:00   ;     0
27.07.1981 07:00:00   ;     0
28.07.1981 07:00:00   ;     0
29.07.1981 07:00:00   ;     0
30.07.1981 07:00:00   ;     0
31.07.1981 07:00:00   ;     0
01.08.1981 07:00:00   ;     0
02.08.1981 07:00:00   ;     0
03.08.1981 07:00:00   ;     0
04.08.1981 07:00:00   ;     0
05.08.1981 07:00:00   ;     0
06.08.1981 07:00:00   ;     0
07.08.1981 07:00:00   ;     0
08.08.1981 07:00:00   ;     0
09.08.1981 07:00:00   ;     0
10.08.1981 07:00:00   ;     0
11.08.1981 07:00:00   ;     0
12.08.1981 07:00:00   ;     0
13.08.1981 07:00:00   ;     0
14.08.1981 07:00:00   ;     0
15.08.1981 07:00:00   ;     0
16.08.1981 07:00:00   ;     0
17.08.1981 07:00:00   ;     0
18.08.1981 07:00:00   ;     0
19.08.1981 07:00:00   ;     0
20.08.1981 07:00:00   ;     0
21.08.1981 07:00:00   ;     0
22.08.1981 07:00:00   ;     0
23.08.1981 07:00:00   ;     0
24.08.1981 07:00:00   ;     0
25.08.1981 07:00:00   ;     0
26.08.1981 07:00:00   ;     0
27.08.1981 07:00:00   ;     0
28.08.1981 07:00:00   ;     0
29.08.1981 07:00:00   ;     0
30.08.1981 07:00:00   ;     0
31.08.1981 07:00:00   ;     0
01.09.1981 07:00:00   ;     0
02.09.1981 07:00:00   ;     0
03.09.1981 07:00:00   ;     0
04.09.1981 07:00:00   ;     0
05.09.1981 07:00:00   ;     0
06.09.1981 07:00:00   ;     0
07.09.1981 07:00:00   ;     0
08.09.1981 07:00:00   ;     0
09.09.1981 07:00:00   ;     0
10.09.1981 07:00:00   ;     0
11.09.1981 07:00:00   ;     0
12.09.1981 07:00:00   ;     0
13.09.1981 07:00:00   ;     0
14.09.1981 07:00:00   ;     0
15.09.1981 07:00:00   ;     0
16.09.1981 07:00:00   ;     0
17.09.1981 07:00:00   ;     0
18.09.1981 07:00:00   ;     0
19.09.1981 07:00:00   ;     0
20.09.1981 07:00:00   ;     0
21.09.1981 07:00:00   ;     0
22.09.1981 07:00:00   ;     0
23.09.1981 07:00:00   ;     0
24.09.1981 07:00:00   ;     0
25.09.1981 07:00:00   ;     0
26.09.1981 07:00:00   ;     0
27.09.1981 07:00:00   ;     0
28.09.1981 07:00:00   ;     0
29.09.1981 07:00:00   ;     0
30.09.1981 07:00:00   ;     0
01.10.1981 07:00:00   ;     0
02.10.1981 07:00:00   ;     0
03.10.1981 07:00:00   ;     0
04.10.1981 07:00:00   ;     0
05.10.1981 07:00:00   ;     0
06.10.1981 07:00:00   ;     0
07.10.1981 07:00:00   ;     0
08.10.1981 07:00:00   ;     0
09.10.1981 07:00:00   ;     0
10.10.1981 07:00:00   ;     0
11.10.1981 07:00:00   ;     0
12.10.1981 07:00:00   ;     0
13.10.1981 07:00:00   ;     0
14.10.1981 07:00:00   ;     0
15.10.1981 07:00:00   ;     0
16.10.1981 07:00:00   ;     0
17.10.1981 07:00:00   ;     0
18.10.1981 07:00:00   ;     0
19.10.1981 07:00:00   ;     0
20.10.1981 07:00:00   ;     0
21.10.1981 07:00:00   ;     0
22.10.1981 07:00:00   ;     0
23.10.1981 07:00:00   ;    20
24.10.1981 07:00:00   ;    15
25.10.1981 07:00:00   ;    10
26.10.1981 07:00:00   ;    10
27.10.1981 07:00:00   ;    70
28.10.1981 07:00:00   ;    74
29.10.1981 07:00:00   ;    58
30.10.1981 07:00:00   ;    52
31.10.1981 07:00:00   ;    47
01.11.1981 07:00:00   ;    33
02.11.1981 07:00:00   ;    26
03.11.1981 07:00:00   ;    10
04.11.1981 07:00:00   ;     3
05.11.1981 07:00:00   ;     0
06.11.1981 07:00:00   ;     0
07.11.1981 07:00:00   ;     0
08.11.1981 07:00:00   ;     0
09.11.1981 07:00:00   ;     0
10.11.1981 07:00:00   ;     0
11.11.1981 07:00:00   ;     0
12.11.1981 07:00:00   ;     0
13.11.1981 07:00:00   ;     0
14.11.1981 07:00:00   ;     4
15.11.1981 07:00:00   ;     8
16.11.1981 07:00:00   ;     8
17.11.1981 07:00:00   ;     6
18.11.1981 07:00:00   ;     3
19.11.1981 07:00:00   ;     0
20.11.1981 07:00:00   ;     0
21.11.1981 07:00:00   ;     0
22.11.1981 07:00:00   ;     0
23.11.1981 07:00:00   ;     0
24.11.1981 07:00:00   ;     0
25.11.1981 07:00:00   ;     0
26.11.1981 07:00:00   ;     0
27.11.1981 07:00:00   ;     0
28.11.1981 07:00:00   ;    13
29.11.1981 07:00:00   ;    12
30.11.1981 07:00:00   ;    10
01.12.1981 07:00:00   ;    24
02.12.1981 07:00:00   ;    20
03.12.1981 07:00:00   ;    16
04.12.1981 07:00:00   ;    15
05.12.1981 07:00:00   ;    14
06.12.1981 07:00:00   ;    14
07.12.1981 07:00:00   ;    15
08.12.1981 07:00:00   ;    14
09.12.1981 07:00:00   ;    24
10.12.1981 07:00:00   ;    21
11.12.1981 07:00:00   ;    18
12.12.1981 07:00:00   ;    18
13.12.1981 07:00:00   ;    19
14.12.1981 07:00:00   ;    19
15.12.1981 07:00:00   ;    20
16.12.1981 07:00:00   ;    22
17.12.1981 07:00:00   ;    20
18.12.1981 07:00:00   ;    21
19.12.1981 07:00:00   ;    45
20.12.1981 07:00:00   ;    42
21.12.1981 07:00:00   ;    42
22.12.1981 07:00:00   ;    42
23.12.1981 07:00:00   ;    52
24.12.1981 07:00:00   ;    50
25.12.1981 07:00:00   ;    50
26.12.1981 07:00:00   ;    46
27.12.1981 07:00:00   ;    46
28.12.1981 07:00:00   ;    43
29.12.1981 07:00:00   ;    43
30.12.1981 07:00:00   ;    55
31.12.1981 07:00:00   ;    53
01.01.1982 07:00:00   ;    50
02.01.1982 07:00:00   ;    50
03.01.1982 07:00:00   ;    49
04.01.1982 07:00:00   ;    48
05.01.1982 07:00:00   ;    45
06.01.1982 07:00:00   ;    53
07.01.1982 07:00:00   ;    50
08.01.1982 07:00:00   ;    49
09.01.1982 07:00:00   ;    55
10.01.1982 07:00:00   ;    52
11.01.1982 07:00:00   ;    52
12.01.1982 07:00:00   ;    51
13.01.1982 07:00:00   ;    48
14.01.1982 07:00:00   ;    48
15.01.1982 07:00:00   ;    46
16.01.1982 07:00:00   ;    43
17.01.1982 07:00:00   ;    43
18.01.1982 07:00:00   ;    43
19.01.1982 07:00:00   ;    43
20.01.1982 07:00:00   ;    43
21.01.1982 07:00:00   ;    42
22.01.1982 07:00:00   ;    41
23.01.1982 07:00:00   ;    41
24.01.1982 07:00:00   ;    42
25.01.1982 07:00:00   ;    42
26.01.1982 07:00:00   ;    42
27.01.1982 07:00:00   ;    42
28.01.1982 07:00:00   ;    42
29.01.1982 07:00:00   ;    42
30.01.1982 07:00:00   ;    67
31.01.1982 07:00:00   ;    60
01.02.1982 07:00:00   ;    58
02.02.1982 07:00:00   ;    56
03.02.1982 07:00:00   ;    55
04.02.1982 07:00:00   ;    55
05.02.1982 07:00:00   ;    55
06.02.1982 07:00:00   ;    55
07.02.1982 07:00:00   ;    54
08.02.1982 07:00:00   ;    53
09.02.1982 07:00:00   ;    51
10.02.1982 07:00:00   ;    50
11.02.1982 07:00:00   ;    50
12.02.1982 07:00:00   ;    48
13.02.1982 07:00:00   ;    48
14.02.1982 07:00:00   ;    48
15.02.1982 07:00:00   ;    46
16.02.1982 07:00:00   ;    45
17.02.1982 07:00:00   ;    44
18.02.1982 07:00:00   ;    43
19.02.1982 07:00:00   ;    44
20.02.1982 07:00:00   ;    45
21.02.1982 07:00:00   ;    45
22.02.1982 07:00:00   ;    45
23.02.1982 07:00:00   ;    45
24.02.1982 07:00:00   ;    50
25.02.1982 07:00:00   ;    63
26.02.1982 07:00:00   ;    62
27.02.1982 07:00:00   ;    60
28.02.1982 07:00:00   ;    57
01.03.1982 07:00:00   ;    52
02.03.1982 07:00:00   ;    48
03.03.1982 07:00:00   ;    48
04.03.1982 07:00:00   ;    48
05.03.1982 07:00:00   ;    52
06.03.1982 07:00:00   ;    48
07.03.1982 07:00:00   ;    62
08.03.1982 07:00:00   ;    74
09.03.1982 07:00:00   ;    63
10.03.1982 07:00:00   ;    55
11.03.1982 07:00:00   ;    65
12.03.1982 07:00:00   ;    64
13.03.1982 07:00:00   ;    60
14.03.1982 07:00:00   ;    60
15.03.1982 07:00:00   ;    59
16.03.1982 07:00:00   ;    58
17.03.1982 07:00:00   ;    53
18.03.1982 07:00:00   ;    59
19.03.1982 07:00:00   ;    73
20.03.1982 07:00:00   ;    68
21.03.1982 07:00:00   ;    70
22.03.1982 07:00:00   ;    67
23.03.1982 07:00:00   ;    62
24.03.1982 07:00:00   ;    62
25.03.1982 07:00:00   ;    60
26.03.1982 07:00:00   ;    58
27.03.1982 07:00:00   ;    55
28.03.1982 07:00:00   ;    50
29.03.1982 07:00:00   ;    50
30.03.1982 07:00:00   ;    48
31.03.1982 07:00:00   ;    48
01.04.1982 07:00:00   ;    48
02.04.1982 07:00:00   ;    40
03.04.1982 07:00:00   ;    38
04.04.1982 07:00:00   ;    37
05.04.1982 07:00:00   ;    26
06.04.1982 07:00:00   ;    22
07.04.1982 07:00:00   ;    15
08.04.1982 07:00:00   ;     7
09.04.1982 07:00:00   ;     0
10.04.1982 07:00:00   ;     0
11.04.1982 07:00:00   ;     0
12.04.1982 07:00:00   ;     0
13.04.1982 07:00:00   ;     0
14.04.1982 07:00:00   ;     5
15.04.1982 07:00:00   ;     0
16.04.1982 07:00:00   ;     0
17.04.1982 07:00:00   ;     0
18.04.1982 07:00:00   ;     0
19.04.1982 07:00:00   ;     0
20.04.1982 07:00:00   ;     0
21.04.1982 07:00:00   ;     0
22.04.1982 07:00:00   ;     0
23.04.1982 07:00:00   ;     0
24.04.1982 07:00:00   ;     0
25.04.1982 07:00:00   ;     0
26.04.1982 07:00:00   ;     0
27.04.1982 07:00:00   ;     0
28.04.1982 07:00:00   ;     0
29.04.1982 07:00:00   ;     0
30.04.1982 07:00:00   ;    10
01.05.1982 07:00:00   ;     0
02.05.1982 07:00:00   ;     0
03.05.1982 07:00:00   ;     0
04.05.1982 07:00:00   ;     0
05.05.1982 07:00:00   ;     0
06.05.1982 07:00:00   ;     0
07.05.1982 07:00:00   ;     0
08.05.1982 07:00:00   ;     0
09.05.1982 07:00:00   ;    10
10.05.1982 07:00:00   ;     0
11.05.1982 07:00:00   ;     0
12.05.1982 07:00:00   ;     0
13.05.1982 07:00:00   ;     0
14.05.1982 07:00:00   ;     0
15.05.1982 07:00:00   ;     0
16.05.1982 07:00:00   ;     0
17.05.1982 07:00:00   ;     0
18.05.1982 07:00:00   ;     0
19.05.1982 07:00:00   ;     0
20.05.1982 07:00:00   ;     0
21.05.1982 07:00:00   ;     0
22.05.1982 07:00:00   ;     0
23.05.1982 07:00:00   ;     0
24.05.1982 07:00:00   ;     0
25.05.1982 07:00:00   ;     0
26.05.1982 07:00:00   ;     0
27.05.1982 07:00:00   ;     0
28.05.1982 07:00:00   ;     0
29.05.1982 07:00:00   ;     0
30.05.1982 07:00:00   ;     0
31.05.1982 07:00:00   ;     0
01.06.1982 07:00:00   ;     0
02.06.1982 07:00:00   ;     0
03.06.1982 07:00:00   ;     0
04.06.1982 07:00:00   ;     0
05.06.1982 07:00:00   ;     0
06.06.1982 07:00:00   ;     0
07.06.1982 07:00:00   ;     0
08.06.1982 07:00:00   ;     0
09.06.1982 07:00:00   ;     0
10.06.1982 07:00:00   ;     0
11.06.1982 07:00:00   ;     0
12.06.1982 07:00:00   ;     0
13.06.1982 07:00:00   ;     0
14.06.1982 07:00:00   ;     0
15.06.1982 07:00:00   ;     0
16.06.1982 07:00:00   ;     0
17.06.1982 07:00:00   ;     0
18.06.1982 07:00:00   ;     0
19.06.1982 07:00:00   ;     0
20.06.1982 07:00:00   ;     0
21.06.1982 07:00:00   ;     0
22.06.1982 07:00:00   ;     0
23.06.1982 07:00:00   ;     0
24.06.1982 07:00:00   ;     0
25.06.1982 07:00:00   ;     0
26.06.1982 07:00:00   ;     0
27.06.1982 07:00:00   ;     0
28.06.1982 07:00:00   ;     0
29.06.1982 07:00:00   ;     0
30.06.1982 07:00:00   ;     0
01.07.1982 07:00:00   ;     0
02.07.1982 07:00:00   ;     0
03.07.1982 07:00:00   ;     0
04.07.1982 07:00:00   ;     0
05.07.1982 07:00:00   ;     0
06.07.1982 07:00:00   ;     0
07.07.1982 07:00:00   ;     0
08.07.1982 07:00:00   ;     0
09.07.1982 07:00:00   ;     0
10.07.1982 07:00:00   ;     0
11.07.1982 07:00:00   ;     0
12.07.1982 07:00:00   ;     0
13.07.1982 07:00:00   ;     0
14.07.1982 07:00:00   ;     0
15.07.1982 07:00:00   ;     0
16.07.1982 07:00:00   ;     0
17.07.1982 07:00:00   ;     0
18.07.1982 07:00:00   ;     0
19.07.1982 07:00:00   ;     0
20.07.1982 07:00:00   ;     0
21.07.1982 07:00:00   ;     0
22.07.1982 07:00:00   ;     0
23.07.1982 07:00:00   ;     0
24.07.1982 07:00:00   ;     0
25.07.1982 07:00:00   ;     0
26.07.1982 07:00:00   ;     0
27.07.1982 07:00:00   ;     0
28.07.1982 07:00:00   ;     0
29.07.1982 07:00:00   ;     0
30.07.1982 07:00:00   ;     0
31.07.1982 07:00:00   ;     0
01.08.1982 07:00:00   ;     0
02.08.1982 07:00:00   ;     0
03.08.1982 07:00:00   ;     0
04.08.1982 07:00:00   ;     0
05.08.1982 07:00:00   ;     0
06.08.1982 07:00:00   ;     0
07.08.1982 07:00:00   ;     0
08.08.1982 07:00:00   ;     0
09.08.1982 07:00:00   ;     0
10.08.1982 07:00:00   ;     0
11.08.1982 07:00:00   ;     0
12.08.1982 07:00:00   ;     0
13.08.1982 07:00:00   ;     0
14.08.1982 07:00:00   ;     0
15.08.1982 07:00:00   ;     0
16.08.1982 07:00:00   ;     0
17.08.1982 07:00:00   ;     0
18.08.1982 07:00:00   ;     0
19.08.1982 07:00:00   ;     0
20.08.1982 07:00:00   ;     0
21.08.1982 07:00:00   ;     0
22.08.1982 07:00:00   ;     0
23.08.1982 07:00:00   ;     0
24.08.1982 07:00:00   ;     0
25.08.1982 07:00:00   ;     0
26.08.1982 07:00:00   ;     0
27.08.1982 07:00:00   ;     0
28.08.1982 07:00:00   ;     0
29.08.1982 07:00:00   ;     0
30.08.1982 07:00:00   ;     0
31.08.1982 07:00:00   ;     0
01.09.1982 07:00:00   ;     0
02.09.1982 07:00:00   ;     0
03.09.1982 07:00:00   ;     0
04.09.1982 07:00:00   ;     0
05.09.1982 07:00:00   ;     0
06.09.1982 07:00:00   ;     0
07.09.1982 07:00:00   ;     0
08.09.1982 07:00:00   ;     0
09.09.1982 07:00:00   ;     0
10.09.1982 07:00:00   ;     0
11.09.1982 07:00:00   ;     0
12.09.1982 07:00:00   ;     0
13.09.1982 07:00:00   ;     0
14.09.1982 07:00:00   ;     0
15.09.1982 07:00:00   ;     0
16.09.1982 07:00:00   ;     0
17.09.1982 07:00:00   ;     0
18.09.1982 07:00:00   ;     0
19.09.1982 07:00:00   ;     0
20.09.1982 07:00:00   ;     0
21.09.1982 07:00:00   ;     0
22.09.1982 07:00:00   ;     0
23.09.1982 07:00:00   ;     0
24.09.1982 07:00:00   ;     0
25.09.1982 07:00:00   ;     0
26.09.1982 07:00:00   ;     0
27.09.1982 07:00:00   ;     0
28.09.1982 07:00:00   ;     0
29.09.1982 07:00:00   ;     0
30.09.1982 07:00:00   ;     0
01.10.1982 07:00:00   ;     0
02.10.1982 07:00:00   ;     0
03.10.1982 07:00:00   ;     0
04.10.1982 07:00:00   ;     0
05.10.1982 07:00:00   ;     0
06.10.1982 07:00:00   ;     0
07.10.1982 07:00:00   ;    15
08.10.1982 07:00:00   ;    10
09.10.1982 07:00:00   ;     0
10.10.1982 07:00:00   ;     0
11.10.1982 07:00:00   ;     0
12.10.1982 07:00:00   ;     0
13.10.1982 07:00:00   ;     0
14.10.1982 07:00:00   ;     0
15.10.1982 07:00:00   ;     1
16.10.1982 07:00:00   ;     0
17.10.1982 07:00:00   ;     0
18.10.1982 07:00:00   ;     0
19.10.1982 07:00:00   ;     0
20.10.1982 07:00:00   ;     0
21.10.1982 07:00:00   ;     0
22.10.1982 07:00:00   ;     0
23.10.1982 07:00:00   ;     0
24.10.1982 07:00:00   ;     0
25.10.1982 07:00:00   ;     0
26.10.1982 07:00:00   ;     0
27.10.1982 07:00:00   ;     0
28.10.1982 07:00:00   ;     0
29.10.1982 07:00:00   ;     0
30.10.1982 07:00:00   ;     0
31.10.1982 07:00:00   ;     0
01.11.1982 07:00:00   ;     0
02.11.1982 07:00:00   ;     0
03.11.1982 07:00:00   ;     0
04.11.1982 07:00:00   ;     0
05.11.1982 07:00:00   ;     0
06.11.1982 07:00:00   ;     0
07.11.1982 07:00:00   ;     0
08.11.1982 07:00:00   ;     0
09.11.1982 07:00:00   ;     0
10.11.1982 07:00:00   ;     0
11.11.1982 07:00:00   ;     0
12.11.1982 07:00:00   ;     0
13.11.1982 07:00:00   ;     0
14.11.1982 07:00:00   ;    20
15.11.1982 07:00:00   ;    20
16.11.1982 07:00:00   ;    18
17.11.1982 07:00:00   ;    15
18.11.1982 07:00:00   ;    12
19.11.1982 07:00:00   ;     5
20.11.1982 07:00:00   ;     3
21.11.1982 07:00:00   ;     0
22.11.1982 07:00:00   ;     0
23.11.1982 07:00:00   ;     0
24.11.1982 07:00:00   ;     0
25.11.1982 07:00:00   ;     0
26.11.1982 07:00:00   ;     0
27.11.1982 07:00:00   ;     0
28.11.1982 07:00:00   ;     1
29.11.1982 07:00:00   ;    10
30.11.1982 07:00:00   ;     9
01.12.1982 07:00:00   ;    12
02.12.1982 07:00:00   ;    16
03.12.1982 07:00:00   ;    15
04.12.1982 07:00:00   ;    12
05.12.1982 07:00:00   ;    11
06.12.1982 07:00:00   ;    11
07.12.1982 07:00:00   ;    11
08.12.1982 07:00:00   ;    11
09.12.1982 07:00:00   ;     8
10.12.1982 07:00:00   ;     5
11.12.1982 07:00:00   ;    32
12.12.1982 07:00:00   ;    27
13.12.1982 07:00:00   ;    25
14.12.1982 07:00:00   ;    23
15.12.1982 07:00:00   ;    23
16.12.1982 07:00:00   ;    23
17.12.1982 07:00:00   ;    22
18.12.1982 07:00:00   ;    34
19.12.1982 07:00:00   ;    45
20.12.1982 07:00:00   ;    41
21.12.1982 07:00:00   ;    46
22.12.1982 07:00:00   ;    48
23.12.1982 07:00:00   ;    43
24.12.1982 07:00:00   ;    43
25.12.1982 07:00:00   ;    42
26.12.1982 07:00:00   ;    42
27.12.1982 07:00:00   ;    41
28.12.1982 07:00:00   ;    39
29.12.1982 07:00:00   ;    41
30.12.1982 07:00:00   ;    40
31.12.1982 07:00:00   ;    39
01.01.1983 07:00:00   ;    38
02.01.1983 07:00:00   ;    34
03.01.1983 07:00:00   ;    32
04.01.1983 07:00:00   ;    32
05.01.1983 07:00:00   ;    31
06.01.1983 07:00:00   ;    30
07.01.1983 07:00:00   ;    30
08.01.1983 07:00:00   ;    30
09.01.1983 07:00:00   ;    30
10.01.1983 07:00:00   ;    30
11.01.1983 07:00:00   ;    30
12.01.1983 07:00:00   ;    30
13.01.1983 07:00:00   ;    30
14.01.1983 07:00:00   ;    28
15.01.1983 07:00:00   ;    29
16.01.1983 07:00:00   ;    46
17.01.1983 07:00:00   ;    60
18.01.1983 07:00:00   ;    51
19.01.1983 07:00:00   ;    47
20.01.1983 07:00:00   ;    47
21.01.1983 07:00:00   ;    47
22.01.1983 07:00:00   ;    47
23.01.1983 07:00:00   ;    46
24.01.1983 07:00:00   ;    43
25.01.1983 07:00:00   ;    41
26.01.1983 07:00:00   ;    39
27.01.1983 07:00:00   ;    37
28.01.1983 07:00:00   ;    35
29.01.1983 07:00:00   ;    32
30.01.1983 07:00:00   ;    32
31.01.1983 07:00:00   ;    35
01.02.1983 07:00:00   ;    35
02.02.1983 07:00:00   ;    34
03.02.1983 07:00:00   ;    37
04.02.1983 07:00:00   ;    37
05.02.1983 07:00:00   ;    36
06.02.1983 07:00:00   ;    38
07.02.1983 07:00:00   ;    46
08.02.1983 07:00:00   ;    42
09.02.1983 07:00:00   ;    39
10.02.1983 07:00:00   ;    40
11.02.1983 07:00:00   ;    42
12.02.1983 07:00:00   ;    43
13.02.1983 07:00:00   ;    43
14.02.1983 07:00:00   ;    45
15.02.1983 07:00:00   ;    52
16.02.1983 07:00:00   ;    47
17.02.1983 07:00:00   ;    47
18.02.1983 07:00:00   ;    46
19.02.1983 07:00:00   ;    46
20.02.1983 07:00:00   ;    46
21.02.1983 07:00:00   ;    46
22.02.1983 07:00:00   ;    46
23.02.1983 07:00:00   ;    45
24.02.1983 07:00:00   ;    45
25.02.1983 07:00:00   ;    43
26.02.1983 07:00:00   ;    43
27.02.1983 07:00:00   ;    43
28.02.1983 07:00:00   ;    42
01.03.1983 07:00:00   ;    40
02.03.1983 07:00:00   ;    45
03.03.1983 07:00:00   ;    45
04.03.1983 07:00:00   ;    43
05.03.1983 07:00:00   ;    40
06.03.1983 07:00:00   ;    40
07.03.1983 07:00:00   ;    38
08.03.1983 07:00:00   ;    36
09.03.1983 07:00:00   ;    31
10.03.1983 07:00:00   ;    30
11.03.1983 07:00:00   ;    28
12.03.1983 07:00:00   ;    20
13.03.1983 07:00:00   ;    18
14.03.1983 07:00:00   ;    10
15.03.1983 07:00:00   ;     7
16.03.1983 07:00:00   ;     6
17.03.1983 07:00:00   ;     4
18.03.1983 07:00:00   ;     0
19.03.1983 07:00:00   ;     0
20.03.1983 07:00:00   ;     0
21.03.1983 07:00:00   ;     0
22.03.1983 07:00:00   ;     0
23.03.1983 07:00:00   ;     0
24.03.1983 07:00:00   ;     0
25.03.1983 07:00:00   ;     5
26.03.1983 07:00:00   ;    10
27.03.1983 07:00:00   ;    10
28.03.1983 07:00:00   ;     2
29.03.1983 07:00:00   ;     5
30.03.1983 07:00:00   ;    13
31.03.1983 07:00:00   ;     6
01.04.1983 07:00:00   ;     0
02.04.1983 07:00:00   ;     1
03.04.1983 07:00:00   ;    10
04.04.1983 07:00:00   ;     9
05.04.1983 07:00:00   ;     7
06.04.1983 07:00:00   ;     3
07.04.1983 07:00:00   ;    13
08.04.1983 07:00:00   ;     0
09.04.1983 07:00:00   ;     0
10.04.1983 07:00:00   ;     0
11.04.1983 07:00:00   ;     0
12.04.1983 07:00:00   ;    17
13.04.1983 07:00:00   ;     3
14.04.1983 07:00:00   ;     0
15.04.1983 07:00:00   ;     0
16.04.1983 07:00:00   ;     0
17.04.1983 07:00:00   ;     0
18.04.1983 07:00:00   ;     0
19.04.1983 07:00:00   ;     0
20.04.1983 07:00:00   ;     0
21.04.1983 07:00:00   ;     0
22.04.1983 07:00:00   ;     1
23.04.1983 07:00:00   ;     0
24.04.1983 07:00:00   ;     0
25.04.1983 07:00:00   ;     0
26.04.1983 07:00:00   ;     0
27.04.1983 07:00:00   ;     0
28.04.1983 07:00:00   ;     0
29.04.1983 07:00:00   ;     0
30.04.1983 07:00:00   ;     0
01.05.1983 07:00:00   ;     0
02.05.1983 07:00:00   ;     0
03.05.1983 07:00:00   ;     0
04.05.1983 07:00:00   ;     0
05.05.1983 07:00:00   ;     0
06.05.1983 07:00:00   ;     0
07.05.1983 07:00:00   ;     0
08.05.1983 07:00:00   ;     0
09.05.1983 07:00:00   ;     4
10.05.1983 07:00:00   ;     0
11.05.1983 07:00:00   ;     0
12.05.1983 07:00:00   ;     0
13.05.1983 07:00:00   ;     0
14.05.1983 07:00:00   ;     0
15.05.1983 07:00:00   ;     0
16.05.1983 07:00:00   ;     0
17.05.1983 07:00:00   ;     0
18.05.1983 07:00:00   ;     0
19.05.1983 07:00:00   ;     0
20.05.1983 07:00:00   ;     0
21.05.1983 07:00:00   ;     0
22.05.1983 07:00:00   ;     0
23.05.1983 07:00:00   ;     0
24.05.1983 07:00:00   ;     0
25.05.1983 07:00:00   ;     0
26.05.1983 07:00:00   ;     0
27.05.1983 07:00:00   ;     2
28.05.1983 07:00:00   ;     0
29.05.1983 07:00:00   ;     0
30.05.1983 07:00:00   ;     0
31.05.1983 07:00:00   ;     0
01.06.1983 07:00:00   ;     0
02.06.1983 07:00:00   ;     0
03.06.1983 07:00:00   ;     0
04.06.1983 07:00:00   ;     0
05.06.1983 07:00:00   ;     0
06.06.1983 07:00:00   ;     0
07.06.1983 07:00:00   ;     0
08.06.1983 07:00:00   ;     0
09.06.1983 07:00:00   ;     0
10.06.1983 07:00:00   ;     0
11.06.1983 07:00:00   ;     0
12.06.1983 07:00:00   ;     0
13.06.1983 07:00:00   ;     0
14.06.1983 07:00:00   ;     0
15.06.1983 07:00:00   ;     0
16.06.1983 07:00:00   ;     0
17.06.1983 07:00:00   ;     0
18.06.1983 07:00:00   ;     0
19.06.1983 07:00:00   ;     0
20.06.1983 07:00:00   ;     0
21.06.1983 07:00:00   ;     0
22.06.1983 07:00:00   ;     0
23.06.1983 07:00:00   ;     0
24.06.1983 07:00:00   ;     0
25.06.1983 07:00:00   ;     0
26.06.1983 07:00:00   ;     0
27.06.1983 07:00:00   ;     0
28.06.1983 07:00:00   ;     0
29.06.1983 07:00:00   ;     0
30.06.1983 07:00:00   ;     0
01.07.1983 07:00:00   ;     0
02.07.1983 07:00:00   ;     0
03.07.1983 07:00:00   ;     0
04.07.1983 07:00:00   ;     0
05.07.1983 07:00:00   ;     0
06.07.1983 07:00:00   ;     0
07.07.1983 07:00:00   ;     0
08.07.1983 07:00:00   ;     0
09.07.1983 07:00:00   ;     0
10.07.1983 07:00:00   ;     0
11.07.1983 07:00:00   ;     0
12.07.1983 07:00:00   ;     0
13.07.1983 07:00:00   ;     0
14.07.1983 07:00:00   ;     0
15.07.1983 07:00:00   ;     0
16.07.1983 07:00:00   ;     0
17.07.1983 07:00:00   ;     0
18.07.1983 07:00:00   ;     0
19.07.1983 07:00:00   ;     0
20.07.1983 07:00:00   ;     0
21.07.1983 07:00:00   ;     0
22.07.1983 07:00:00   ;     0
23.07.1983 07:00:00   ;     0
24.07.1983 07:00:00   ;     0
25.07.1983 07:00:00   ;     0
26.07.1983 07:00:00   ;     0
27.07.1983 07:00:00   ;     0
28.07.1983 07:00:00   ;     0
29.07.1983 07:00:00   ;     0
30.07.1983 07:00:00   ;     0
31.07.1983 07:00:00   ;     0
01.08.1983 07:00:00   ;     0
02.08.1983 07:00:00   ;     0
03.08.1983 07:00:00   ;     0
04.08.1983 07:00:00   ;     0
05.08.1983 07:00:00   ;     0
06.08.1983 07:00:00   ;     0
07.08.1983 07:00:00   ;     0
08.08.1983 07:00:00   ;     0
09.08.1983 07:00:00   ;     0
10.08.1983 07:00:00   ;     0
11.08.1983 07:00:00   ;     0
12.08.1983 07:00:00   ;     0
13.08.1983 07:00:00   ;     0
14.08.1983 07:00:00   ;     0
15.08.1983 07:00:00   ;     0
16.08.1983 07:00:00   ;     0
17.08.1983 07:00:00   ;     0
18.08.1983 07:00:00   ;     0
19.08.1983 07:00:00   ;     0
20.08.1983 07:00:00   ;     0
21.08.1983 07:00:00   ;     0
22.08.1983 07:00:00   ;     0
23.08.1983 07:00:00   ;     0
24.08.1983 07:00:00   ;     0
25.08.1983 07:00:00   ;     0
26.08.1983 07:00:00   ;     0
27.08.1983 07:00:00   ;     0
28.08.1983 07:00:00   ;     0
29.08.1983 07:00:00   ;     0
30.08.1983 07:00:00   ;     0
31.08.1983 07:00:00   ;     0
01.09.1983 07:00:00   ;     0
02.09.1983 07:00:00   ;     0
03.09.1983 07:00:00   ;     0
04.09.1983 07:00:00   ;     0
05.09.1983 07:00:00   ;     0
06.09.1983 07:00:00   ;     0
07.09.1983 07:00:00   ;     0
08.09.1983 07:00:00   ;     0
09.09.1983 07:00:00   ;     0
10.09.1983 07:00:00   ;     0
11.09.1983 07:00:00   ;     0
12.09.1983 07:00:00   ;     1
13.09.1983 07:00:00   ;     0
14.09.1983 07:00:00   ;     0
15.09.1983 07:00:00   ;     0
16.09.1983 07:00:00   ;     0
17.09.1983 07:00:00   ;     0
18.09.1983 07:00:00   ;     0
19.09.1983 07:00:00   ;     0
20.09.1983 07:00:00   ;     0
21.09.1983 07:00:00   ;     0
22.09.1983 07:00:00   ;     0
23.09.1983 07:00:00   ;     0
24.09.1983 07:00:00   ;     0
25.09.1983 07:00:00   ;     0
26.09.1983 07:00:00   ;     0
27.09.1983 07:00:00   ;     0
28.09.1983 07:00:00   ;     0
29.09.1983 07:00:00   ;     0
30.09.1983 07:00:00   ;     0
01.10.1983 07:00:00   ;     0
02.10.1983 07:00:00   ;     0
03.10.1983 07:00:00   ;     0
04.10.1983 07:00:00   ;     0
05.10.1983 07:00:00   ;     0
06.10.1983 07:00:00   ;     0
07.10.1983 07:00:00   ;     0
08.10.1983 07:00:00   ;     0
09.10.1983 07:00:00   ;     0
10.10.1983 07:00:00   ;     0
11.10.1983 07:00:00   ;     0
12.10.1983 07:00:00   ;     1
13.10.1983 07:00:00   ;     0
14.10.1983 07:00:00   ;     0
15.10.1983 07:00:00   ;     0
16.10.1983 07:00:00   ;     0
17.10.1983 07:00:00   ;     0
18.10.1983 07:00:00   ;     5
19.10.1983 07:00:00   ;     0
20.10.1983 07:00:00   ;     0
21.10.1983 07:00:00   ;     0
22.10.1983 07:00:00   ;     0
23.10.1983 07:00:00   ;     0
24.10.1983 07:00:00   ;     0
25.10.1983 07:00:00   ;     0
26.10.1983 07:00:00   ;     0
27.10.1983 07:00:00   ;     0
28.10.1983 07:00:00   ;     0
29.10.1983 07:00:00   ;     0
30.10.1983 07:00:00   ;     0
31.10.1983 07:00:00   ;     0
01.11.1983 07:00:00   ;     0
02.11.1983 07:00:00   ;     0
03.11.1983 07:00:00   ;     0
04.11.1983 07:00:00   ;     0
05.11.1983 07:00:00   ;     0
06.11.1983 07:00:00   ;     0
07.11.1983 07:00:00   ;     0
08.11.1983 07:00:00   ;     0
09.11.1983 07:00:00   ;     0
10.11.1983 07:00:00   ;     0
11.11.1983 07:00:00   ;     0
12.11.1983 07:00:00   ;     0
13.11.1983 07:00:00   ;     0
14.11.1983 07:00:00   ;     0
15.11.1983 07:00:00   ;     0
16.11.1983 07:00:00   ;     0
17.11.1983 07:00:00   ;     0
18.11.1983 07:00:00   ;     0
19.11.1983 07:00:00   ;     0
20.11.1983 07:00:00   ;     0
21.11.1983 07:00:00   ;     0
22.11.1983 07:00:00   ;     0
23.11.1983 07:00:00   ;     0
24.11.1983 07:00:00   ;     0
25.11.1983 07:00:00   ;     0
26.11.1983 07:00:00   ;     0
27.11.1983 07:00:00   ;     0
28.11.1983 07:00:00   ;     5
29.11.1983 07:00:00   ;     9
30.11.1983 07:00:00   ;     8
01.12.1983 07:00:00   ;     6
02.12.1983 07:00:00   ;     6
03.12.1983 07:00:00   ;     5
04.12.1983 07:00:00   ;     5
05.12.1983 07:00:00   ;     5
06.12.1983 07:00:00   ;     4
07.12.1983 07:00:00   ;     4
08.12.1983 07:00:00   ;     4
09.12.1983 07:00:00   ;     4
10.12.1983 07:00:00   ;     4
11.12.1983 07:00:00   ;     4
12.12.1983 07:00:00   ;     4
13.12.1983 07:00:00   ;     4
14.12.1983 07:00:00   ;     4
15.12.1983 07:00:00   ;     4
16.12.1983 07:00:00   ;     5
17.12.1983 07:00:00   ;    18
18.12.1983 07:00:00   ;    27
19.12.1983 07:00:00   ;    30
20.12.1983 07:00:00   ;    50
21.12.1983 07:00:00   ;    46
22.12.1983 07:00:00   ;    51
23.12.1983 07:00:00   ;    50
24.12.1983 07:00:00   ;    46
25.12.1983 07:00:00   ;    36
26.12.1983 07:00:00   ;    36
27.12.1983 07:00:00   ;    35
28.12.1983 07:00:00   ;    35
29.12.1983 07:00:00   ;    32
30.12.1983 07:00:00   ;    30
31.12.1983 07:00:00   ;    25
01.01.1984 07:00:00   ;    25
02.01.1984 07:00:00   ;    24
03.01.1984 07:00:00   ;    23
04.01.1984 07:00:00   ;    42
05.01.1984 07:00:00   ;    36
06.01.1984 07:00:00   ;    35
07.01.1984 07:00:00   ;    35
08.01.1984 07:00:00   ;    33
09.01.1984 07:00:00   ;    37
10.01.1984 07:00:00   ;    35
11.01.1984 07:00:00   ;    35
12.01.1984 07:00:00   ;    34
13.01.1984 07:00:00   ;    33
14.01.1984 07:00:00   ;    33
15.01.1984 07:00:00   ;    37
16.01.1984 07:00:00   ;    40
17.01.1984 07:00:00   ;    39
18.01.1984 07:00:00   ;    43
19.01.1984 07:00:00   ;    41
20.01.1984 07:00:00   ;    40
21.01.1984 07:00:00   ;    39
22.01.1984 07:00:00   ;    40
23.01.1984 07:00:00   ;    40
24.01.1984 07:00:00   ;    56
25.01.1984 07:00:00   ;    50
26.01.1984 07:00:00   ;    46
27.01.1984 07:00:00   ;    43
28.01.1984 07:00:00   ;    45
29.01.1984 07:00:00   ;    54
30.01.1984 07:00:00   ;    49
31.01.1984 07:00:00   ;    47
01.02.1984 07:00:00   ;    50
02.02.1984 07:00:00   ;    60
03.02.1984 07:00:00   ;    65
04.02.1984 07:00:00   ;    56
05.02.1984 07:00:00   ;    54
06.02.1984 07:00:00   ;    51
07.02.1984 07:00:00   ;    48
08.02.1984 07:00:00   ;    51
09.02.1984 07:00:00   ;    56
10.02.1984 07:00:00   ;    54
11.02.1984 07:00:00   ;    51
12.02.1984 07:00:00   ;    51
13.02.1984 07:00:00   ;    51
14.02.1984 07:00:00   ;    51
15.02.1984 07:00:00   ;    51
16.02.1984 07:00:00   ;    50
17.02.1984 07:00:00   ;    50
18.02.1984 07:00:00   ;    50
19.02.1984 07:00:00   ;    50
20.02.1984 07:00:00   ;    50
21.02.1984 07:00:00   ;    50
22.02.1984 07:00:00   ;    50
23.02.1984 07:00:00   ;    50
24.02.1984 07:00:00   ;    63
25.02.1984 07:00:00   ;    69
26.02.1984 07:00:00   ;    90
27.02.1984 07:00:00   ;   150
28.02.1984 07:00:00   ;   137
29.02.1984 07:00:00   ;   128
01.03.1984 07:00:00   ;   122
02.03.1984 07:00:00   ;   100
03.03.1984 07:00:00   ;   111
04.03.1984 07:00:00   ;   109
05.03.1984 07:00:00   ;   105
06.03.1984 07:00:00   ;   100
07.03.1984 07:00:00   ;    95
08.03.1984 07:00:00   ;    95
09.03.1984 07:00:00   ;    93
10.03.1984 07:00:00   ;    92
11.03.1984 07:00:00   ;    91
12.03.1984 07:00:00   ;    90
13.03.1984 07:00:00   ;    90
14.03.1984 07:00:00   ;    88
15.03.1984 07:00:00   ;    85
16.03.1984 07:00:00   ;    85
17.03.1984 07:00:00   ;    85
18.03.1984 07:00:00   ;    82
19.03.1984 07:00:00   ;    83
20.03.1984 07:00:00   ;    82
21.03.1984 07:00:00   ;    80
22.03.1984 07:00:00   ;    77
23.03.1984 07:00:00   ;    75
24.03.1984 07:00:00   ;    74
25.03.1984 07:00:00   ;    72
26.03.1984 07:00:00   ;    90
27.03.1984 07:00:00   ;    80
28.03.1984 07:00:00   ;    72
29.03.1984 07:00:00   ;    71
30.03.1984 07:00:00   ;    89
31.03.1984 07:00:00   ;    84
01.04.1984 07:00:00   ;    75
02.04.1984 07:00:00   ;    78
03.04.1984 07:00:00   ;   142
04.04.1984 07:00:00   ;   135
05.04.1984 07:00:00   ;   118
06.04.1984 07:00:00   ;   110
07.04.1984 07:00:00   ;   105
08.04.1984 07:00:00   ;   107
09.04.1984 07:00:00   ;    96
10.04.1984 07:00:00   ;    95
11.04.1984 07:00:00   ;    91
12.04.1984 07:00:00   ;    85
13.04.1984 07:00:00   ;    83
14.04.1984 07:00:00   ;    81
15.04.1984 07:00:00   ;    76
16.04.1984 07:00:00   ;    70
17.04.1984 07:00:00   ;    68
18.04.1984 07:00:00   ;    65
19.04.1984 07:00:00   ;    61
20.04.1984 07:00:00   ;    55
21.04.1984 07:00:00   ;    50
22.04.1984 07:00:00   ;    47
23.04.1984 07:00:00   ;    42
24.04.1984 07:00:00   ;    37
25.04.1984 07:00:00   ;    25
26.04.1984 07:00:00   ;    12
27.04.1984 07:00:00   ;     5
28.04.1984 07:00:00   ;     0
29.04.1984 07:00:00   ;     0
30.04.1984 07:00:00   ;     2
01.05.1984 07:00:00   ;     1
02.05.1984 07:00:00   ;     0
03.05.1984 07:00:00   ;     0
04.05.1984 07:00:00   ;     0
05.05.1984 07:00:00   ;     0
06.05.1984 07:00:00   ;     0
07.05.1984 07:00:00   ;     0
08.05.1984 07:00:00   ;     0
09.05.1984 07:00:00   ;     0
10.05.1984 07:00:00   ;     6
11.05.1984 07:00:00   ;     2
12.05.1984 07:00:00   ;     1
13.05.1984 07:00:00   ;     0
14.05.1984 07:00:00   ;     0
15.05.1984 07:00:00   ;     0
16.05.1984 07:00:00   ;     4
17.05.1984 07:00:00   ;     0
18.05.1984 07:00:00   ;     0
19.05.1984 07:00:00   ;     0
20.05.1984 07:00:00   ;     0
21.05.1984 07:00:00   ;     0
22.05.1984 07:00:00   ;     0
23.05.1984 07:00:00   ;     0
24.05.1984 07:00:00   ;     0
25.05.1984 07:00:00   ;     0
26.05.1984 07:00:00   ;     0
27.05.1984 07:00:00   ;     0
28.05.1984 07:00:00   ;     0
29.05.1984 07:00:00   ;     7
30.05.1984 07:00:00   ;    20
31.05.1984 07:00:00   ;     0
01.06.1984 07:00:00   ;     0
02.06.1984 07:00:00   ;     0
03.06.1984 07:00:00   ;     0
04.06.1984 07:00:00   ;     0
05.06.1984 07:00:00   ;     0
06.06.1984 07:00:00   ;     0
07.06.1984 07:00:00   ;     0
08.06.1984 07:00:00   ;     0
09.06.1984 07:00:00   ;     0
10.06.1984 07:00:00   ;     0
11.06.1984 07:00:00   ;     0
12.06.1984 07:00:00   ;     0
13.06.1984 07:00:00   ;     0
14.06.1984 07:00:00   ;     0
15.06.1984 07:00:00   ;     0
16.06.1984 07:00:00   ;     0
17.06.1984 07:00:00   ;     0
18.06.1984 07:00:00   ;     0
19.06.1984 07:00:00   ;     0
20.06.1984 07:00:00   ;     0
21.06.1984 07:00:00   ;     0
22.06.1984 07:00:00   ;     0
23.06.1984 07:00:00   ;     0
24.06.1984 07:00:00   ;     0
25.06.1984 07:00:00   ;     0
26.06.1984 07:00:00   ;     0
27.06.1984 07:00:00   ;     0
28.06.1984 07:00:00   ;     0
29.06.1984 07:00:00   ;     0
30.06.1984 07:00:00   ;     0
01.07.1984 07:00:00   ;     0
02.07.1984 07:00:00   ;     0
03.07.1984 07:00:00   ;     0
04.07.1984 07:00:00   ;     0
05.07.1984 07:00:00   ;     0
06.07.1984 07:00:00   ;     0
07.07.1984 07:00:00   ;     0
08.07.1984 07:00:00   ;     0
09.07.1984 07:00:00   ;     0
10.07.1984 07:00:00   ;     0
11.07.1984 07:00:00   ;     0
12.07.1984 07:00:00   ;     0
13.07.1984 07:00:00   ;     0
14.07.1984 07:00:00   ;     0
15.07.1984 07:00:00   ;     0
16.07.1984 07:00:00   ;     0
17.07.1984 07:00:00   ;     0
18.07.1984 07:00:00   ;     0
19.07.1984 07:00:00   ;     0
20.07.1984 07:00:00   ;     0
21.07.1984 07:00:00   ;     0
22.07.1984 07:00:00   ;     0
23.07.1984 07:00:00   ;     0
24.07.1984 07:00:00   ;     0
25.07.1984 07:00:00   ;     0
26.07.1984 07:00:00   ;     0
27.07.1984 07:00:00   ;     0
28.07.1984 07:00:00   ;     0
29.07.1984 07:00:00   ;     0
30.07.1984 07:00:00   ;     0
31.07.1984 07:00:00   ;     0
01.08.1984 07:00:00   ;     0
02.08.1984 07:00:00   ;     0
03.08.1984 07:00:00   ;     0
04.08.1984 07:00:00   ;     0
05.08.1984 07:00:00   ;     0
06.08.1984 07:00:00   ;     0
07.08.1984 07:00:00   ;     0
08.08.1984 07:00:00   ;     0
09.08.1984 07:00:00   ;     0
10.08.1984 07:00:00   ;     0
11.08.1984 07:00:00   ;     0
12.08.1984 07:00:00   ;     0
13.08.1984 07:00:00   ;     0
14.08.1984 07:00:00   ;     0
15.08.1984 07:00:00   ;     0
16.08.1984 07:00:00   ;     0
17.08.1984 07:00:00   ;     0
18.08.1984 07:00:00   ;     0
19.08.1984 07:00:00   ;     0
20.08.1984 07:00:00   ;     0
21.08.1984 07:00:00   ;     0
22.08.1984 07:00:00   ;     0
23.08.1984 07:00:00   ;     0
24.08.1984 07:00:00   ;     0
25.08.1984 07:00:00   ;     0
26.08.1984 07:00:00   ;     0
27.08.1984 07:00:00   ;     0
28.08.1984 07:00:00   ;     0
29.08.1984 07:00:00   ;     0
30.08.1984 07:00:00   ;     0
31.08.1984 07:00:00   ;     0
01.09.1984 07:00:00   ;     0
02.09.1984 07:00:00   ;     0
03.09.1984 07:00:00   ;     0
04.09.1984 07:00:00   ;     0
05.09.1984 07:00:00   ;     0
06.09.1984 07:00:00   ;     0
07.09.1984 07:00:00   ;     0
08.09.1984 07:00:00   ;     0
09.09.1984 07:00:00   ;     0
10.09.1984 07:00:00   ;     0
11.09.1984 07:00:00   ;     0
12.09.1984 07:00:00   ;     0
13.09.1984 07:00:00   ;     0
14.09.1984 07:00:00   ;     0
15.09.1984 07:00:00   ;     0
16.09.1984 07:00:00   ;     0
17.09.1984 07:00:00   ;     0
18.09.1984 07:00:00   ;     0
19.09.1984 07:00:00   ;     0
20.09.1984 07:00:00   ;     0
21.09.1984 07:00:00   ;     0
22.09.1984 07:00:00   ;     0
23.09.1984 07:00:00   ;     0
24.09.1984 07:00:00   ;     6
25.09.1984 07:00:00   ;     1
26.09.1984 07:00:00   ;     0
27.09.1984 07:00:00   ;     0
28.09.1984 07:00:00   ;     0
29.09.1984 07:00:00   ;     0
30.09.1984 07:00:00   ;     0
01.10.1984 07:00:00   ;     0
02.10.1984 07:00:00   ;     0
03.10.1984 07:00:00   ;     0
04.10.1984 07:00:00   ;     5
05.10.1984 07:00:00   ;     1
06.10.1984 07:00:00   ;     0
07.10.1984 07:00:00   ;     0
08.10.1984 07:00:00   ;     0
09.10.1984 07:00:00   ;     0
10.10.1984 07:00:00   ;     0
11.10.1984 07:00:00   ;     0
12.10.1984 07:00:00   ;     0
13.10.1984 07:00:00   ;     0
14.10.1984 07:00:00   ;     0
15.10.1984 07:00:00   ;     0
16.10.1984 07:00:00   ;     0
17.10.1984 07:00:00   ;     0
18.10.1984 07:00:00   ;     0
19.10.1984 07:00:00   ;     0
20.10.1984 07:00:00   ;     0
21.10.1984 07:00:00   ;     0
22.10.1984 07:00:00   ;     0
23.10.1984 07:00:00   ;     0
24.10.1984 07:00:00   ;     0
25.10.1984 07:00:00   ;     0
26.10.1984 07:00:00   ;     0
27.10.1984 07:00:00   ;     0
28.10.1984 07:00:00   ;     0
29.10.1984 07:00:00   ;     0
30.10.1984 07:00:00   ;     0
31.10.1984 07:00:00   ;     0
01.11.1984 07:00:00   ;     0
02.11.1984 07:00:00   ;     0
03.11.1984 07:00:00   ;     0
04.11.1984 07:00:00   ;     0
05.11.1984 07:00:00   ;     0
06.11.1984 07:00:00   ;     0
07.11.1984 07:00:00   ;     0
08.11.1984 07:00:00   ;     0
09.11.1984 07:00:00   ;     0
10.11.1984 07:00:00   ;     0
11.11.1984 07:00:00   ;     0
12.11.1984 07:00:00   ;     0
13.11.1984 07:00:00   ;     0
14.11.1984 07:00:00   ;     0
15.11.1984 07:00:00   ;     3
16.11.1984 07:00:00   ;     4
17.11.1984 07:00:00   ;    13
18.11.1984 07:00:00   ;    12
19.11.1984 07:00:00   ;    10
20.11.1984 07:00:00   ;    13
21.11.1984 07:00:00   ;    10
22.11.1984 07:00:00   ;     9
23.11.1984 07:00:00   ;     9
24.11.1984 07:00:00   ;     5
25.11.1984 07:00:00   ;     0
26.11.1984 07:00:00   ;     0
27.11.1984 07:00:00   ;     0
28.11.1984 07:00:00   ;     0
29.11.1984 07:00:00   ;     0
30.11.1984 07:00:00   ;     0
01.12.1984 07:00:00   ;     0
02.12.1984 07:00:00   ;     2
03.12.1984 07:00:00   ;    24
04.12.1984 07:00:00   ;    15
05.12.1984 07:00:00   ;    15
06.12.1984 07:00:00   ;    15
07.12.1984 07:00:00   ;    14
08.12.1984 07:00:00   ;    13
09.12.1984 07:00:00   ;    13
10.12.1984 07:00:00   ;    12
11.12.1984 07:00:00   ;    12
12.12.1984 07:00:00   ;    10
13.12.1984 07:00:00   ;     8
14.12.1984 07:00:00   ;     7
15.12.1984 07:00:00   ;     0
16.12.1984 07:00:00   ;     0
17.12.1984 07:00:00   ;     1
18.12.1984 07:00:00   ;     0
19.12.1984 07:00:00   ;    15
20.12.1984 07:00:00   ;    35
21.12.1984 07:00:00   ;    34
22.12.1984 07:00:00   ;    29
23.12.1984 07:00:00   ;    27
24.12.1984 07:00:00   ;    25
25.12.1984 07:00:00   ;    24
26.12.1984 07:00:00   ;    23
27.12.1984 07:00:00   ;    22
28.12.1984 07:00:00   ;    22
29.12.1984 07:00:00   ;    22
30.12.1984 07:00:00   ;    23
31.12.1984 07:00:00   ;    23
01.01.1985 07:00:00   ;    23
02.01.1985 07:00:00   ;    21
03.01.1985 07:00:00   ;    21
04.01.1985 07:00:00   ;    21
05.01.1985 07:00:00   ;    23
06.01.1985 07:00:00   ;    23
07.01.1985 07:00:00   ;    23
08.01.1985 07:00:00   ;    23
09.01.1985 07:00:00   ;    25
10.01.1985 07:00:00   ;    22
11.01.1985 07:00:00   ;    22
12.01.1985 07:00:00   ;    22
13.01.1985 07:00:00   ;    22
14.01.1985 07:00:00   ;    25
15.01.1985 07:00:00   ;    33
16.01.1985 07:00:00   ;    50
17.01.1985 07:00:00   ;    50
18.01.1985 07:00:00   ;    48
19.01.1985 07:00:00   ;    45
20.01.1985 07:00:00   ;    42
21.01.1985 07:00:00   ;    41
22.01.1985 07:00:00   ;    40
23.01.1985 07:00:00   ;    38
24.01.1985 07:00:00   ;    48
25.01.1985 07:00:00   ;    50
26.01.1985 07:00:00   ;    47
27.01.1985 07:00:00   ;    53
28.01.1985 07:00:00   ;    50
29.01.1985 07:00:00   ;    50
30.01.1985 07:00:00   ;    50
31.01.1985 07:00:00   ;    50
01.02.1985 07:00:00   ;    56
02.02.1985 07:00:00   ;    46
03.02.1985 07:00:00   ;    45
04.02.1985 07:00:00   ;    44
05.02.1985 07:00:00   ;    42
06.02.1985 07:00:00   ;    40
07.02.1985 07:00:00   ;    40
08.02.1985 07:00:00   ;    40
09.02.1985 07:00:00   ;    40
10.02.1985 07:00:00   ;    48
11.02.1985 07:00:00   ;    45
12.02.1985 07:00:00   ;    51
13.02.1985 07:00:00   ;    49
14.02.1985 07:00:00   ;    48
15.02.1985 07:00:00   ;    48
16.02.1985 07:00:00   ;    46
17.02.1985 07:00:00   ;    45
18.02.1985 07:00:00   ;    44
19.02.1985 07:00:00   ;    44
20.02.1985 07:00:00   ;    44
21.02.1985 07:00:00   ;    42
22.02.1985 07:00:00   ;    42
23.02.1985 07:00:00   ;    42
24.02.1985 07:00:00   ;    42
25.02.1985 07:00:00   ;    40
26.02.1985 07:00:00   ;    37
27.02.1985 07:00:00   ;    34
28.02.1985 07:00:00   ;    30
01.03.1985 07:00:00   ;    26
02.03.1985 07:00:00   ;    26
03.03.1985 07:00:00   ;    30
04.03.1985 07:00:00   ;    26
05.03.1985 07:00:00   ;    25
06.03.1985 07:00:00   ;    25
07.03.1985 07:00:00   ;    25
08.03.1985 07:00:00   ;    22
09.03.1985 07:00:00   ;    21
10.03.1985 07:00:00   ;    20
11.03.1985 07:00:00   ;    20
12.03.1985 07:00:00   ;    30
13.03.1985 07:00:00   ;    28
14.03.1985 07:00:00   ;    26
15.03.1985 07:00:00   ;    38
16.03.1985 07:00:00   ;    46
17.03.1985 07:00:00   ;    60
18.03.1985 07:00:00   ;    56
19.03.1985 07:00:00   ;    52
20.03.1985 07:00:00   ;    49
21.03.1985 07:00:00   ;    45
22.03.1985 07:00:00   ;    80
23.03.1985 07:00:00   ;    78
24.03.1985 07:00:00   ;    78
25.03.1985 07:00:00   ;    65
26.03.1985 07:00:00   ;    56
27.03.1985 07:00:00   ;    55
28.03.1985 07:00:00   ;    62
29.03.1985 07:00:00   ;    57
30.03.1985 07:00:00   ;    51
31.03.1985 07:00:00   ;    50
01.04.1985 07:00:00   ;    45
02.04.1985 07:00:00   ;    40
03.04.1985 07:00:00   ;    38
04.04.1985 07:00:00   ;    35
05.04.1985 07:00:00   ;    27
06.04.1985 07:00:00   ;    20
07.04.1985 07:00:00   ;    21
08.04.1985 07:00:00   ;    15
09.04.1985 07:00:00   ;    10
10.04.1985 07:00:00   ;     5
11.04.1985 07:00:00   ;     8
12.04.1985 07:00:00   ;    13
13.04.1985 07:00:00   ;    15
14.04.1985 07:00:00   ;    12
15.04.1985 07:00:00   ;     8
16.04.1985 07:00:00   ;     0
17.04.1985 07:00:00   ;     4
18.04.1985 07:00:00   ;     0
19.04.1985 07:00:00   ;     0
20.04.1985 07:00:00   ;     0
21.04.1985 07:00:00   ;     0
22.04.1985 07:00:00   ;     0
23.04.1985 07:00:00   ;     0
24.04.1985 07:00:00   ;     0
25.04.1985 07:00:00   ;     0
26.04.1985 07:00:00   ;     0
27.04.1985 07:00:00   ;     0
28.04.1985 07:00:00   ;     8
29.04.1985 07:00:00   ;     2
30.04.1985 07:00:00   ;     0
01.05.1985 07:00:00   ;     0
02.05.1985 07:00:00   ;     0
03.05.1985 07:00:00   ;    15
04.05.1985 07:00:00   ;     2
05.05.1985 07:00:00   ;     0
06.05.1985 07:00:00   ;     0
07.05.1985 07:00:00   ;     0
08.05.1985 07:00:00   ;     3
09.05.1985 07:00:00   ;    18
10.05.1985 07:00:00   ;     0
11.05.1985 07:00:00   ;     0
12.05.1985 07:00:00   ;     0
13.05.1985 07:00:00   ;     0
14.05.1985 07:00:00   ;     0
15.05.1985 07:00:00   ;     0
16.05.1985 07:00:00   ;     0
17.05.1985 07:00:00   ;     0
18.05.1985 07:00:00   ;     0
19.05.1985 07:00:00   ;     0
20.05.1985 07:00:00   ;     0
21.05.1985 07:00:00   ;     0
22.05.1985 07:00:00   ;     0
23.05.1985 07:00:00   ;     0
24.05.1985 07:00:00   ;     0
25.05.1985 07:00:00   ;     0
26.05.1985 07:00:00   ;     0
27.05.1985 07:00:00   ;     0
28.05.1985 07:00:00   ;     0
29.05.1985 07:00:00   ;     0
30.05.1985 07:00:00   ;     0
31.05.1985 07:00:00   ;     0
01.06.1985 07:00:00   ;     0
02.06.1985 07:00:00   ;     0
03.06.1985 07:00:00   ;     0
04.06.1985 07:00:00   ;     0
05.06.1985 07:00:00   ;     0
06.06.1985 07:00:00   ;     0
07.06.1985 07:00:00   ;     0
08.06.1985 07:00:00   ;     0
09.06.1985 07:00:00   ;     0
10.06.1985 07:00:00   ;     0
11.06.1985 07:00:00   ;     0
12.06.1985 07:00:00   ;     0
13.06.1985 07:00:00   ;     0
14.06.1985 07:00:00   ;     0
15.06.1985 07:00:00   ;     0
16.06.1985 07:00:00   ;     0
17.06.1985 07:00:00   ;     0
18.06.1985 07:00:00   ;     0
19.06.1985 07:00:00   ;     0
20.06.1985 07:00:00   ;     0
21.06.1985 07:00:00   ;     0
22.06.1985 07:00:00   ;     0
23.06.1985 07:00:00   ;     0
24.06.1985 07:00:00   ;     0
25.06.1985 07:00:00   ;     0
26.06.1985 07:00:00   ;     0
27.06.1985 07:00:00   ;     0
28.06.1985 07:00:00   ;     0
29.06.1985 07:00:00   ;     0
30.06.1985 07:00:00   ;     0
01.07.1985 07:00:00   ;     0
02.07.1985 07:00:00   ;     0
03.07.1985 07:00:00   ;     0
04.07.1985 07:00:00   ;     0
05.07.1985 07:00:00   ;     0
06.07.1985 07:00:00   ;     0
07.07.1985 07:00:00   ;     0
08.07.1985 07:00:00   ;     0
09.07.1985 07:00:00   ;     0
10.07.1985 07:00:00   ;     0
11.07.1985 07:00:00   ;     0
12.07.1985 07:00:00   ;     0
13.07.1985 07:00:00   ;     0
14.07.1985 07:00:00   ;     0
15.07.1985 07:00:00   ;     0
16.07.1985 07:00:00   ;     0
17.07.1985 07:00:00   ;     0
18.07.1985 07:00:00   ;     0
19.07.1985 07:00:00   ;     0
20.07.1985 07:00:00   ;     0
21.07.1985 07:00:00   ;     0
22.07.1985 07:00:00   ;     0
23.07.1985 07:00:00   ;     0
24.07.1985 07:00:00   ;     0
25.07.1985 07:00:00   ;     0
26.07.1985 07:00:00   ;     0
27.07.1985 07:00:00   ;     0
28.07.1985 07:00:00   ;     0
29.07.1985 07:00:00   ;     0
30.07.1985 07:00:00   ;     0
31.07.1985 07:00:00   ;     0
01.08.1985 07:00:00   ;     0
02.08.1985 07:00:00   ;     0
03.08.1985 07:00:00   ;     0
04.08.1985 07:00:00   ;     0
05.08.1985 07:00:00   ;     0
06.08.1985 07:00:00   ;     0
07.08.1985 07:00:00   ;     0
08.08.1985 07:00:00   ;     0
09.08.1985 07:00:00   ;     0
10.08.1985 07:00:00   ;     0
11.08.1985 07:00:00   ;     0
12.08.1985 07:00:00   ;     0
13.08.1985 07:00:00   ;     0
14.08.1985 07:00:00   ;     0
15.08.1985 07:00:00   ;     0
16.08.1985 07:00:00   ;     0
17.08.1985 07:00:00   ;     0
18.08.1985 07:00:00   ;     0
19.08.1985 07:00:00   ;     0
20.08.1985 07:00:00   ;     0
21.08.1985 07:00:00   ;     0
22.08.1985 07:00:00   ;     0
23.08.1985 07:00:00   ;     0
24.08.1985 07:00:00   ;     0
25.08.1985 07:00:00   ;     0
26.08.1985 07:00:00   ;     0
27.08.1985 07:00:00   ;     0
28.08.1985 07:00:00   ;     0
29.08.1985 07:00:00   ;     0
30.08.1985 07:00:00   ;     0
31.08.1985 07:00:00   ;     0
01.09.1985 07:00:00   ;     0
02.09.1985 07:00:00   ;     0
03.09.1985 07:00:00   ;     0
04.09.1985 07:00:00   ;     0
05.09.1985 07:00:00   ;     0
06.09.1985 07:00:00   ;     0
07.09.1985 07:00:00   ;     0
08.09.1985 07:00:00   ;     0
09.09.1985 07:00:00   ;     0
10.09.1985 07:00:00   ;     0
11.09.1985 07:00:00   ;     0
12.09.1985 07:00:00   ;     0
13.09.1985 07:00:00   ;     0
14.09.1985 07:00:00   ;     0
15.09.1985 07:00:00   ;     0
16.09.1985 07:00:00   ;     0
17.09.1985 07:00:00   ;     0
18.09.1985 07:00:00   ;     0
19.09.1985 07:00:00   ;     0
20.09.1985 07:00:00   ;     0
21.09.1985 07:00:00   ;     0
22.09.1985 07:00:00   ;     0
23.09.1985 07:00:00   ;     0
24.09.1985 07:00:00   ;     0
25.09.1985 07:00:00   ;     0
26.09.1985 07:00:00   ;     0
27.09.1985 07:00:00   ;     0
28.09.1985 07:00:00   ;     0
29.09.1985 07:00:00   ;     0
30.09.1985 07:00:00   ;     0
01.10.1985 07:00:00   ;     0
02.10.1985 07:00:00   ;     0
03.10.1985 07:00:00   ;     0
04.10.1985 07:00:00   ;     0
05.10.1985 07:00:00   ;     0
06.10.1985 07:00:00   ;     0
07.10.1985 07:00:00   ;     0
08.10.1985 07:00:00   ;     0
09.10.1985 07:00:00   ;     0
10.10.1985 07:00:00   ;     0
11.10.1985 07:00:00   ;     0
12.10.1985 07:00:00   ;     0
13.10.1985 07:00:00   ;     0
14.10.1985 07:00:00   ;     0
15.10.1985 07:00:00   ;     0
16.10.1985 07:00:00   ;     0
17.10.1985 07:00:00   ;     0
18.10.1985 07:00:00   ;     0
19.10.1985 07:00:00   ;     0
20.10.1985 07:00:00   ;     0
21.10.1985 07:00:00   ;     0
22.10.1985 07:00:00   ;     0
23.10.1985 07:00:00   ;     0
24.10.1985 07:00:00   ;     0
25.10.1985 07:00:00   ;     0
26.10.1985 07:00:00   ;     0
27.10.1985 07:00:00   ;     0
28.10.1985 07:00:00   ;     0
29.10.1985 07:00:00   ;     0
30.10.1985 07:00:00   ;     0
31.10.1985 07:00:00   ;     0
01.11.1985 07:00:00   ;     0
02.11.1985 07:00:00   ;     2
03.11.1985 07:00:00   ;     0
04.11.1985 07:00:00   ;     0
05.11.1985 07:00:00   ;     0
06.11.1985 07:00:00   ;     0
07.11.1985 07:00:00   ;     0
08.11.1985 07:00:00   ;     0
09.11.1985 07:00:00   ;     0
10.11.1985 07:00:00   ;     0
11.11.1985 07:00:00   ;     0
12.11.1985 07:00:00   ;     0
13.11.1985 07:00:00   ;    34
14.11.1985 07:00:00   ;    50
15.11.1985 07:00:00   ;    40
16.11.1985 07:00:00   ;    35
17.11.1985 07:00:00   ;    33
18.11.1985 07:00:00   ;    32
19.11.1985 07:00:00   ;    33
20.11.1985 07:00:00   ;    40
21.11.1985 07:00:00   ;    40
22.11.1985 07:00:00   ;    45
23.11.1985 07:00:00   ;    51
24.11.1985 07:00:00   ;    50
25.11.1985 07:00:00   ;    45
26.11.1985 07:00:00   ;    43
27.11.1985 07:00:00   ;    40
28.11.1985 07:00:00   ;    40
29.11.1985 07:00:00   ;    39
30.11.1985 07:00:00   ;    39
01.12.1985 07:00:00   ;    37
02.12.1985 07:00:00   ;    31
03.12.1985 07:00:00   ;    28
04.12.1985 07:00:00   ;    25
05.12.1985 07:00:00   ;    23
06.12.1985 07:00:00   ;    21
07.12.1985 07:00:00   ;    21
08.12.1985 07:00:00   ;    21
09.12.1985 07:00:00   ;    20
10.12.1985 07:00:00   ;    20
11.12.1985 07:00:00   ;    48
12.12.1985 07:00:00   ;    45
13.12.1985 07:00:00   ;    43
14.12.1985 07:00:00   ;    39
15.12.1985 07:00:00   ;    35
16.12.1985 07:00:00   ;    33
17.12.1985 07:00:00   ;    30
18.12.1985 07:00:00   ;    30
19.12.1985 07:00:00   ;    29
20.12.1985 07:00:00   ;    28
21.12.1985 07:00:00   ;    28
22.12.1985 07:00:00   ;    25
23.12.1985 07:00:00   ;    24
24.12.1985 07:00:00   ;    24
25.12.1985 07:00:00   ;    24
26.12.1985 07:00:00   ;    35
27.12.1985 07:00:00   ;    39
28.12.1985 07:00:00   ;    37
29.12.1985 07:00:00   ;    40
30.12.1985 07:00:00   ;    40
31.12.1985 07:00:00   ;    43
01.01.1986 07:00:00   ;    45
02.01.1986 07:00:00   ;    48
03.01.1986 07:00:00   ;    48
04.01.1986 07:00:00   ;    48
05.01.1986 07:00:00   ;    46
06.01.1986 07:00:00   ;    45
07.01.1986 07:00:00   ;    46
08.01.1986 07:00:00   ;    45
09.01.1986 07:00:00   ;    45
10.01.1986 07:00:00   ;    45
11.01.1986 07:00:00   ;    45
12.01.1986 07:00:00   ;    50
13.01.1986 07:00:00   ;    48
14.01.1986 07:00:00   ;    57
15.01.1986 07:00:00   ;    55
16.01.1986 07:00:00   ;    55
17.01.1986 07:00:00   ;    55
18.01.1986 07:00:00   ;    52
19.01.1986 07:00:00   ;    54
20.01.1986 07:00:00   ;    49
21.01.1986 07:00:00   ;    49
22.01.1986 07:00:00   ;    49
23.01.1986 07:00:00   ;    48
24.01.1986 07:00:00   ;    50
25.01.1986 07:00:00   ;    54
26.01.1986 07:00:00   ;    54
27.01.1986 07:00:00   ;    54
28.01.1986 07:00:00   ;    54
29.01.1986 07:00:00   ;    53
30.01.1986 07:00:00   ;    53
31.01.1986 07:00:00   ;    85
01.02.1986 07:00:00   ;   235
02.02.1986 07:00:00   ;   205
03.02.1986 07:00:00   ;   190
04.02.1986 07:00:00   ;   180
05.02.1986 07:00:00   ;   175
06.02.1986 07:00:00   ;   170
07.02.1986 07:00:00   ;   160
08.02.1986 07:00:00   ;   165
09.02.1986 07:00:00   ;   165
10.02.1986 07:00:00   ;   165
11.02.1986 07:00:00   ;   165
12.02.1986 07:00:00   ;   158
13.02.1986 07:00:00   ;   153
14.02.1986 07:00:00   ;   150
15.02.1986 07:00:00   ;   149
16.02.1986 07:00:00   ;   146
17.02.1986 07:00:00   ;   146
18.02.1986 07:00:00   ;   146
19.02.1986 07:00:00   ;   142
20.02.1986 07:00:00   ;   143
21.02.1986 07:00:00   ;   144
22.02.1986 07:00:00   ;   138
23.02.1986 07:00:00   ;   135
24.02.1986 07:00:00   ;   135
25.02.1986 07:00:00   ;   135
26.02.1986 07:00:00   ;   134
27.02.1986 07:00:00   ;   134
28.02.1986 07:00:00   ;   130
01.03.1986 07:00:00   ;   130
02.03.1986 07:00:00   ;   130
03.03.1986 07:00:00   ;   125
04.03.1986 07:00:00   ;   130
05.03.1986 07:00:00   ;   122
06.03.1986 07:00:00   ;   110
07.03.1986 07:00:00   ;   110
08.03.1986 07:00:00   ;   135
09.03.1986 07:00:00   ;   133
10.03.1986 07:00:00   ;   122
11.03.1986 07:00:00   ;   116
12.03.1986 07:00:00   ;   110
13.03.1986 07:00:00   ;   108
14.03.1986 07:00:00   ;   103
15.03.1986 07:00:00   ;   102
16.03.1986 07:00:00   ;   100
17.03.1986 07:00:00   ;    97
18.03.1986 07:00:00   ;    95
19.03.1986 07:00:00   ;    91
20.03.1986 07:00:00   ;    90
21.03.1986 07:00:00   ;    85
22.03.1986 07:00:00   ;    85
23.03.1986 07:00:00   ;    85
24.03.1986 07:00:00   ;    85
25.03.1986 07:00:00   ;   100
26.03.1986 07:00:00   ;    96
27.03.1986 07:00:00   ;    96
28.03.1986 07:00:00   ;    90
29.03.1986 07:00:00   ;    80
30.03.1986 07:00:00   ;    90
31.03.1986 07:00:00   ;    85
01.04.1986 07:00:00   ;    75
02.04.1986 07:00:00   ;    80
03.04.1986 07:00:00   ;    75
04.04.1986 07:00:00   ;    70
05.04.1986 07:00:00   ;    70
06.04.1986 07:00:00   ;    65
07.04.1986 07:00:00   ;    62
08.04.1986 07:00:00   ;    55
09.04.1986 07:00:00   ;    45
10.04.1986 07:00:00   ;    45
11.04.1986 07:00:00   ;    45
12.04.1986 07:00:00   ;    57
13.04.1986 07:00:00   ;    62
14.04.1986 07:00:00   ;    53
15.04.1986 07:00:00   ;    42
16.04.1986 07:00:00   ;    40
17.04.1986 07:00:00   ;    39
18.04.1986 07:00:00   ;    59
19.04.1986 07:00:00   ;    57
20.04.1986 07:00:00   ;    47
21.04.1986 07:00:00   ;    47
22.04.1986 07:00:00   ;    44
23.04.1986 07:00:00   ;    38
24.04.1986 07:00:00   ;    30
25.04.1986 07:00:00   ;    28
26.04.1986 07:00:00   ;    18
27.04.1986 07:00:00   ;    10
28.04.1986 07:00:00   ;     4
29.04.1986 07:00:00   ;     0
30.04.1986 07:00:00   ;     0
01.05.1986 07:00:00   ;     0
02.05.1986 07:00:00   ;     0
03.05.1986 07:00:00   ;     0
04.05.1986 07:00:00   ;     0
05.05.1986 07:00:00   ;     0
06.05.1986 07:00:00   ;     0
07.05.1986 07:00:00   ;     0
08.05.1986 07:00:00   ;     0
09.05.1986 07:00:00   ;     0
10.05.1986 07:00:00   ;     0
11.05.1986 07:00:00   ;     0
12.05.1986 07:00:00   ;     0
13.05.1986 07:00:00   ;     0
14.05.1986 07:00:00   ;     0
15.05.1986 07:00:00   ;     0
16.05.1986 07:00:00   ;     0
17.05.1986 07:00:00   ;     0
18.05.1986 07:00:00   ;     0
19.05.1986 07:00:00   ;     0
20.05.1986 07:00:00   ;     0
21.05.1986 07:00:00   ;     0
22.05.1986 07:00:00   ;     0
23.05.1986 07:00:00   ;     0
24.05.1986 07:00:00   ;     0
25.05.1986 07:00:00   ;     0
26.05.1986 07:00:00   ;     0
27.05.1986 07:00:00   ;     0
28.05.1986 07:00:00   ;     0
29.05.1986 07:00:00   ;     0
30.05.1986 07:00:00   ;     2
31.05.1986 07:00:00   ;     0
01.06.1986 07:00:00   ;     0
02.06.1986 07:00:00   ;     0
03.06.1986 07:00:00   ;     0
04.06.1986 07:00:00   ;     0
05.06.1986 07:00:00   ;     8
06.06.1986 07:00:00   ;     0
07.06.1986 07:00:00   ;     0
08.06.1986 07:00:00   ;     0
09.06.1986 07:00:00   ;     0
10.06.1986 07:00:00   ;     0
11.06.1986 07:00:00   ;     0
12.06.1986 07:00:00   ;     0
13.06.1986 07:00:00   ;     0
14.06.1986 07:00:00   ;     0
15.06.1986 07:00:00   ;     0
16.06.1986 07:00:00   ;     0
17.06.1986 07:00:00   ;     0
18.06.1986 07:00:00   ;     0
19.06.1986 07:00:00   ;     0
20.06.1986 07:00:00   ;     0
21.06.1986 07:00:00   ;     0
22.06.1986 07:00:00   ;     0
23.06.1986 07:00:00   ;     0
24.06.1986 07:00:00   ;     0
25.06.1986 07:00:00   ;     0
26.06.1986 07:00:00   ;     0
27.06.1986 07:00:00   ;     0
28.06.1986 07:00:00   ;     0
29.06.1986 07:00:00   ;     0
30.06.1986 07:00:00   ;     0
01.07.1986 07:00:00   ;     0
02.07.1986 07:00:00   ;     0
03.07.1986 07:00:00   ;     0
04.07.1986 07:00:00   ;     0
05.07.1986 07:00:00   ;     0
06.07.1986 07:00:00   ;     0
07.07.1986 07:00:00   ;     0
08.07.1986 07:00:00   ;     0
09.07.1986 07:00:00   ;     0
10.07.1986 07:00:00   ;     0
11.07.1986 07:00:00   ;     0
12.07.1986 07:00:00   ;     0
13.07.1986 07:00:00   ;     0
14.07.1986 07:00:00   ;     0
15.07.1986 07:00:00   ;     0
16.07.1986 07:00:00   ;     0
17.07.1986 07:00:00   ;     0
18.07.1986 07:00:00   ;     0
19.07.1986 07:00:00   ;     0
20.07.1986 07:00:00   ;     0
21.07.1986 07:00:00   ;     0
22.07.1986 07:00:00   ;     0
23.07.1986 07:00:00   ;     0
24.07.1986 07:00:00   ;     0
25.07.1986 07:00:00   ;     0
26.07.1986 07:00:00   ;     0
27.07.1986 07:00:00   ;     0
28.07.1986 07:00:00   ;     0
29.07.1986 07:00:00   ;     0
30.07.1986 07:00:00   ;     0
31.07.1986 07:00:00   ;     0
01.08.1986 07:00:00   ;     0
02.08.1986 07:00:00   ;     0
03.08.1986 07:00:00   ;     0
04.08.1986 07:00:00   ;     0
05.08.1986 07:00:00   ;     0
06.08.1986 07:00:00   ;     0
07.08.1986 07:00:00   ;     0
08.08.1986 07:00:00   ;     0
09.08.1986 07:00:00   ;     0
10.08.1986 07:00:00   ;     0
11.08.1986 07:00:00   ;     0
12.08.1986 07:00:00   ;     0
13.08.1986 07:00:00   ;     0
14.08.1986 07:00:00   ;     0
15.08.1986 07:00:00   ;     0
16.08.1986 07:00:00   ;     0
17.08.1986 07:00:00   ;     0
18.08.1986 07:00:00   ;     0
19.08.1986 07:00:00   ;     0
20.08.1986 07:00:00   ;     0
21.08.1986 07:00:00   ;     0
22.08.1986 07:00:00   ;     0
23.08.1986 07:00:00   ;     0
24.08.1986 07:00:00   ;     0
25.08.1986 07:00:00   ;     0
26.08.1986 07:00:00   ;     0
27.08.1986 07:00:00   ;     0
28.08.1986 07:00:00   ;     0
29.08.1986 07:00:00   ;     0
30.08.1986 07:00:00   ;     0
31.08.1986 07:00:00   ;     0
01.09.1986 07:00:00   ;     0
02.09.1986 07:00:00   ;     0
03.09.1986 07:00:00   ;     0
04.09.1986 07:00:00   ;     0
05.09.1986 07:00:00   ;     0
06.09.1986 07:00:00   ;     0
07.09.1986 07:00:00   ;     0
08.09.1986 07:00:00   ;     0
09.09.1986 07:00:00   ;     0
10.09.1986 07:00:00   ;     0
11.09.1986 07:00:00   ;     0
12.09.1986 07:00:00   ;     0
13.09.1986 07:00:00   ;     0
14.09.1986 07:00:00   ;     0
15.09.1986 07:00:00   ;     0
16.09.1986 07:00:00   ;     0
17.09.1986 07:00:00   ;     0
18.09.1986 07:00:00   ;     0
19.09.1986 07:00:00   ;     0
20.09.1986 07:00:00   ;     0
21.09.1986 07:00:00   ;     0
22.09.1986 07:00:00   ;     0
23.09.1986 07:00:00   ;     0
24.09.1986 07:00:00   ;     0
25.09.1986 07:00:00   ;     0
26.09.1986 07:00:00   ;     0
27.09.1986 07:00:00   ;     0
28.09.1986 07:00:00   ;     0
29.09.1986 07:00:00   ;     0
30.09.1986 07:00:00   ;     0
01.10.1986 07:00:00   ;     0
02.10.1986 07:00:00   ;     0
03.10.1986 07:00:00   ;     0
04.10.1986 07:00:00   ;     0
05.10.1986 07:00:00   ;     0
06.10.1986 07:00:00   ;     0
07.10.1986 07:00:00   ;     0
08.10.1986 07:00:00   ;     0
09.10.1986 07:00:00   ;     0
10.10.1986 07:00:00   ;     0
11.10.1986 07:00:00   ;     0
12.10.1986 07:00:00   ;     0
13.10.1986 07:00:00   ;     0
14.10.1986 07:00:00   ;     0
15.10.1986 07:00:00   ;     0
16.10.1986 07:00:00   ;     0
17.10.1986 07:00:00   ;     0
18.10.1986 07:00:00   ;     0
19.10.1986 07:00:00   ;     0
20.10.1986 07:00:00   ;     0
21.10.1986 07:00:00   ;     0
22.10.1986 07:00:00   ;     0
23.10.1986 07:00:00   ;     0
24.10.1986 07:00:00   ;     0
25.10.1986 07:00:00   ;     0
26.10.1986 07:00:00   ;    19
27.10.1986 07:00:00   ;    15
28.10.1986 07:00:00   ;     7
29.10.1986 07:00:00   ;     0
30.10.1986 07:00:00   ;     0
31.10.1986 07:00:00   ;     0
01.11.1986 07:00:00   ;     0
02.11.1986 07:00:00   ;     0
03.11.1986 07:00:00   ;     0
04.11.1986 07:00:00   ;     0
05.11.1986 07:00:00   ;     0
06.11.1986 07:00:00   ;     0
07.11.1986 07:00:00   ;     0
08.11.1986 07:00:00   ;     0
09.11.1986 07:00:00   ;     0
10.11.1986 07:00:00   ;     0
11.11.1986 07:00:00   ;     0
12.11.1986 07:00:00   ;     0
13.11.1986 07:00:00   ;     0
14.11.1986 07:00:00   ;     0
15.11.1986 07:00:00   ;     0
16.11.1986 07:00:00   ;     0
17.11.1986 07:00:00   ;     0
18.11.1986 07:00:00   ;     0
19.11.1986 07:00:00   ;     0
20.11.1986 07:00:00   ;     0
21.11.1986 07:00:00   ;     1
22.11.1986 07:00:00   ;    10
23.11.1986 07:00:00   ;    10
24.11.1986 07:00:00   ;    29
25.11.1986 07:00:00   ;    19
26.11.1986 07:00:00   ;    15
27.11.1986 07:00:00   ;    14
28.11.1986 07:00:00   ;    14
29.11.1986 07:00:00   ;    14
30.11.1986 07:00:00   ;    14
01.12.1986 07:00:00   ;    13
02.12.1986 07:00:00   ;    12
03.12.1986 07:00:00   ;    10
04.12.1986 07:00:00   ;    10
05.12.1986 07:00:00   ;     9
06.12.1986 07:00:00   ;     9
07.12.1986 07:00:00   ;     8
08.12.1986 07:00:00   ;     8
09.12.1986 07:00:00   ;     8
10.12.1986 07:00:00   ;     7
11.12.1986 07:00:00   ;     7
12.12.1986 07:00:00   ;     6
13.12.1986 07:00:00   ;     6
14.12.1986 07:00:00   ;     6
15.12.1986 07:00:00   ;    19
16.12.1986 07:00:00   ;    16
17.12.1986 07:00:00   ;    14
18.12.1986 07:00:00   ;    15
19.12.1986 07:00:00   ;    15
20.12.1986 07:00:00   ;    20
21.12.1986 07:00:00   ;    27
22.12.1986 07:00:00   ;    23
23.12.1986 07:00:00   ;    20
24.12.1986 07:00:00   ;    19
25.12.1986 07:00:00   ;    19
26.12.1986 07:00:00   ;    19
27.12.1986 07:00:00   ;    19
28.12.1986 07:00:00   ;    24
29.12.1986 07:00:00   ;    25
30.12.1986 07:00:00   ;    25
31.12.1986 07:00:00   ;    25
01.01.1987 07:00:00   ;    23
02.01.1987 07:00:00   ;    20
03.01.1987 07:00:00   ;    20
04.01.1987 07:00:00   ;    20
05.01.1987 07:00:00   ;    20
06.01.1987 07:00:00   ;    20
07.01.1987 07:00:00   ;    20
08.01.1987 07:00:00   ;    20
09.01.1987 07:00:00   ;    20
10.01.1987 07:00:00   ;    20
11.01.1987 07:00:00   ;    33
12.01.1987 07:00:00   ;    40
13.01.1987 07:00:00   ;    37
14.01.1987 07:00:00   ;    35
15.01.1987 07:00:00   ;    50
16.01.1987 07:00:00   ;    55
17.01.1987 07:00:00   ;    51
18.01.1987 07:00:00   ;    50
19.01.1987 07:00:00   ;    51
20.01.1987 07:00:00   ;    49
21.01.1987 07:00:00   ;    46
22.01.1987 07:00:00   ;    45
23.01.1987 07:00:00   ;    43
24.01.1987 07:00:00   ;    41
25.01.1987 07:00:00   ;    40
26.01.1987 07:00:00   ;    39
27.01.1987 07:00:00   ;    39
28.01.1987 07:00:00   ;    37
29.01.1987 07:00:00   ;    37
30.01.1987 07:00:00   ;    37
31.01.1987 07:00:00   ;    36
01.02.1987 07:00:00   ;    36
02.02.1987 07:00:00   ;    36
03.02.1987 07:00:00   ;    36
04.02.1987 07:00:00   ;    36
05.02.1987 07:00:00   ;    36
06.02.1987 07:00:00   ;    36
07.02.1987 07:00:00   ;    36
08.02.1987 07:00:00   ;    35
09.02.1987 07:00:00   ;    33
10.02.1987 07:00:00   ;    30
11.02.1987 07:00:00   ;    30
12.02.1987 07:00:00   ;    35
13.02.1987 07:00:00   ;    33
14.02.1987 07:00:00   ;    40
15.02.1987 07:00:00   ;    58
16.02.1987 07:00:00   ;    65
17.02.1987 07:00:00   ;    66
18.02.1987 07:00:00   ;    74
19.02.1987 07:00:00   ;    76
20.02.1987 07:00:00   ;   105
21.02.1987 07:00:00   ;   105
22.02.1987 07:00:00   ;    97
23.02.1987 07:00:00   ;    88
24.02.1987 07:00:00   ;    84
25.02.1987 07:00:00   ;    80
26.02.1987 07:00:00   ;    79
27.02.1987 07:00:00   ;    75
28.02.1987 07:00:00   ;    75
01.03.1987 07:00:00   ;    68
02.03.1987 07:00:00   ;    68
03.03.1987 07:00:00   ;    70
04.03.1987 07:00:00   ;    69
05.03.1987 07:00:00   ;    69
06.03.1987 07:00:00   ;    68
07.03.1987 07:00:00   ;    68
08.03.1987 07:00:00   ;    68
09.03.1987 07:00:00   ;    68
10.03.1987 07:00:00   ;    67
11.03.1987 07:00:00   ;    68
12.03.1987 07:00:00   ;    67
13.03.1987 07:00:00   ;    64
14.03.1987 07:00:00   ;    64
15.03.1987 07:00:00   ;    64
16.03.1987 07:00:00   ;    64
17.03.1987 07:00:00   ;    64
18.03.1987 07:00:00   ;    64
19.03.1987 07:00:00   ;    66
20.03.1987 07:00:00   ;    80
21.03.1987 07:00:00   ;    74
22.03.1987 07:00:00   ;    70
23.03.1987 07:00:00   ;    69
24.03.1987 07:00:00   ;    67
25.03.1987 07:00:00   ;    62
26.03.1987 07:00:00   ;    59
27.03.1987 07:00:00   ;    56
28.03.1987 07:00:00   ;    52
29.03.1987 07:00:00   ;    83
30.03.1987 07:00:00   ;    67
31.03.1987 07:00:00   ;    65
01.04.1987 07:00:00   ;    65
02.04.1987 07:00:00   ;    63
03.04.1987 07:00:00   ;    60
04.04.1987 07:00:00   ;    61
05.04.1987 07:00:00   ;    75
06.04.1987 07:00:00   ;    65
07.04.1987 07:00:00   ;    58
08.04.1987 07:00:00   ;    54
09.04.1987 07:00:00   ;    49
10.04.1987 07:00:00   ;    46
11.04.1987 07:00:00   ;    43
12.04.1987 07:00:00   ;    39
13.04.1987 07:00:00   ;    59
14.04.1987 07:00:00   ;    42
15.04.1987 07:00:00   ;    37
16.04.1987 07:00:00   ;    33
17.04.1987 07:00:00   ;    27
18.04.1987 07:00:00   ;    20
19.04.1987 07:00:00   ;     5
20.04.1987 07:00:00   ;     3
21.04.1987 07:00:00   ;     0
22.04.1987 07:00:00   ;     0
23.04.1987 07:00:00   ;     0
24.04.1987 07:00:00   ;     0
25.04.1987 07:00:00   ;     0
26.04.1987 07:00:00   ;     0
27.04.1987 07:00:00   ;     0
28.04.1987 07:00:00   ;     0
29.04.1987 07:00:00   ;     0
30.04.1987 07:00:00   ;     0
01.05.1987 07:00:00   ;     0
02.05.1987 07:00:00   ;     0
03.05.1987 07:00:00   ;     0
04.05.1987 07:00:00   ;    28
05.05.1987 07:00:00   ;    53
06.05.1987 07:00:00   ;    15
07.05.1987 07:00:00   ;     6
08.05.1987 07:00:00   ;     0
09.05.1987 07:00:00   ;     0
10.05.1987 07:00:00   ;     0
11.05.1987 07:00:00   ;     0
12.05.1987 07:00:00   ;     0
13.05.1987 07:00:00   ;     0
14.05.1987 07:00:00   ;    15
15.05.1987 07:00:00   ;     0
16.05.1987 07:00:00   ;     1
17.05.1987 07:00:00   ;     0
18.05.1987 07:00:00   ;     0
19.05.1987 07:00:00   ;     0
20.05.1987 07:00:00   ;     0
21.05.1987 07:00:00   ;     0
22.05.1987 07:00:00   ;     0
23.05.1987 07:00:00   ;     0
24.05.1987 07:00:00   ;     0
25.05.1987 07:00:00   ;     0
26.05.1987 07:00:00   ;     0
27.05.1987 07:00:00   ;     0
28.05.1987 07:00:00   ;     0
29.05.1987 07:00:00   ;     0
30.05.1987 07:00:00   ;     0
31.05.1987 07:00:00   ;     0
01.06.1987 07:00:00   ;     0
02.06.1987 07:00:00   ;     0
03.06.1987 07:00:00   ;     0
04.06.1987 07:00:00   ;     0
05.06.1987 07:00:00   ;     0
06.06.1987 07:00:00   ;     0
07.06.1987 07:00:00   ;     0
08.06.1987 07:00:00   ;     0
09.06.1987 07:00:00   ;     0
10.06.1987 07:00:00   ;     0
11.06.1987 07:00:00   ;     0
12.06.1987 07:00:00   ;     0
13.06.1987 07:00:00   ;     0
14.06.1987 07:00:00   ;     0
15.06.1987 07:00:00   ;     0
16.06.1987 07:00:00   ;     0
17.06.1987 07:00:00   ;     0
18.06.1987 07:00:00   ;     0
19.06.1987 07:00:00   ;     0
20.06.1987 07:00:00   ;     0
21.06.1987 07:00:00   ;     0
22.06.1987 07:00:00   ;     0
23.06.1987 07:00:00   ;     0
24.06.1987 07:00:00   ;     0
25.06.1987 07:00:00   ;     0
26.06.1987 07:00:00   ;     0
27.06.1987 07:00:00   ;     0
28.06.1987 07:00:00   ;     0
29.06.1987 07:00:00   ;     0
30.06.1987 07:00:00   ;     0
01.07.1987 07:00:00   ;     0
02.07.1987 07:00:00   ;     0
03.07.1987 07:00:00   ;     0
04.07.1987 07:00:00   ;     0
05.07.1987 07:00:00   ;     0
06.07.1987 07:00:00   ;     0
07.07.1987 07:00:00   ;     0
08.07.1987 07:00:00   ;     0
09.07.1987 07:00:00   ;     0
10.07.1987 07:00:00   ;     0
11.07.1987 07:00:00   ;     0
12.07.1987 07:00:00   ;     0
13.07.1987 07:00:00   ;     0
14.07.1987 07:00:00   ;     0
15.07.1987 07:00:00   ;     0
16.07.1987 07:00:00   ;     0
17.07.1987 07:00:00   ;     0
18.07.1987 07:00:00   ;     0
19.07.1987 07:00:00   ;     0
20.07.1987 07:00:00   ;     0
21.07.1987 07:00:00   ;     0
22.07.1987 07:00:00   ;     0
23.07.1987 07:00:00   ;     0
24.07.1987 07:00:00   ;     0
25.07.1987 07:00:00   ;     0
26.07.1987 07:00:00   ;     0
27.07.1987 07:00:00   ;     0
28.07.1987 07:00:00   ;     0
29.07.1987 07:00:00   ;     0
30.07.1987 07:00:00   ;     0
31.07.1987 07:00:00   ;     0
01.08.1987 07:00:00   ;     0
02.08.1987 07:00:00   ;     0
03.08.1987 07:00:00   ;     0
04.08.1987 07:00:00   ;     0
05.08.1987 07:00:00   ;     0
06.08.1987 07:00:00   ;     0
07.08.1987 07:00:00   ;     0
08.08.1987 07:00:00   ;     0
09.08.1987 07:00:00   ;     0
10.08.1987 07:00:00   ;     0
11.08.1987 07:00:00   ;     0
12.08.1987 07:00:00   ;     0
13.08.1987 07:00:00   ;     0
14.08.1987 07:00:00   ;     0
15.08.1987 07:00:00   ;     0
16.08.1987 07:00:00   ;     0
17.08.1987 07:00:00   ;     0
18.08.1987 07:00:00   ;     0
19.08.1987 07:00:00   ;     0
20.08.1987 07:00:00   ;     0
21.08.1987 07:00:00   ;     0
22.08.1987 07:00:00   ;     0
23.08.1987 07:00:00   ;     0
24.08.1987 07:00:00   ;     0
25.08.1987 07:00:00   ;     0
26.08.1987 07:00:00   ;     0
27.08.1987 07:00:00   ;     0
28.08.1987 07:00:00   ;     0
29.08.1987 07:00:00   ;     0
30.08.1987 07:00:00   ;     0
31.08.1987 07:00:00   ;     0
01.09.1987 07:00:00   ;     0
02.09.1987 07:00:00   ;     0
03.09.1987 07:00:00   ;     0
04.09.1987 07:00:00   ;     0
05.09.1987 07:00:00   ;     0
06.09.1987 07:00:00   ;     0
07.09.1987 07:00:00   ;     0
08.09.1987 07:00:00   ;     0
09.09.1987 07:00:00   ;     0
10.09.1987 07:00:00   ;     0
11.09.1987 07:00:00   ;     0
12.09.1987 07:00:00   ;     0
13.09.1987 07:00:00   ;     0
14.09.1987 07:00:00   ;     0
15.09.1987 07:00:00   ;     0
16.09.1987 07:00:00   ;     0
17.09.1987 07:00:00   ;     0
18.09.1987 07:00:00   ;     0
19.09.1987 07:00:00   ;     0
20.09.1987 07:00:00   ;     0
21.09.1987 07:00:00   ;     0
22.09.1987 07:00:00   ;     0
23.09.1987 07:00:00   ;     0
24.09.1987 07:00:00   ;     0
25.09.1987 07:00:00   ;     0
26.09.1987 07:00:00   ;     0
27.09.1987 07:00:00   ;     0
28.09.1987 07:00:00   ;     0
29.09.1987 07:00:00   ;     0
30.09.1987 07:00:00   ;     0
01.10.1987 07:00:00   ;     0
02.10.1987 07:00:00   ;     0
03.10.1987 07:00:00   ;     0
04.10.1987 07:00:00   ;     0
05.10.1987 07:00:00   ;     0
06.10.1987 07:00:00   ;     0
07.10.1987 07:00:00   ;     0
08.10.1987 07:00:00   ;     0
09.10.1987 07:00:00   ;     0
10.10.1987 07:00:00   ;     0
11.10.1987 07:00:00   ;     0
12.10.1987 07:00:00   ;     0
13.10.1987 07:00:00   ;     0
14.10.1987 07:00:00   ;     0
15.10.1987 07:00:00   ;     0
16.10.1987 07:00:00   ;     0
17.10.1987 07:00:00   ;     0
18.10.1987 07:00:00   ;     2
19.10.1987 07:00:00   ;     0
20.10.1987 07:00:00   ;     0
21.10.1987 07:00:00   ;     0
22.10.1987 07:00:00   ;     0
23.10.1987 07:00:00   ;     0
24.10.1987 07:00:00   ;     0
25.10.1987 07:00:00   ;     0
26.10.1987 07:00:00   ;     0
27.10.1987 07:00:00   ;     0
28.10.1987 07:00:00   ;     0
29.10.1987 07:00:00   ;     0
30.10.1987 07:00:00   ;     0
31.10.1987 07:00:00   ;     0
01.11.1987 07:00:00   ;     0
02.11.1987 07:00:00   ;     0
03.11.1987 07:00:00   ;     0
04.11.1987 07:00:00   ;     0
05.11.1987 07:00:00   ;     0
06.11.1987 07:00:00   ;     0
07.11.1987 07:00:00   ;     0
08.11.1987 07:00:00   ;     0
09.11.1987 07:00:00   ;     0
10.11.1987 07:00:00   ;     0
11.11.1987 07:00:00   ;     0
12.11.1987 07:00:00   ;     0
13.11.1987 07:00:00   ;     0
14.11.1987 07:00:00   ;     0
15.11.1987 07:00:00   ;     6
16.11.1987 07:00:00   ;     0
17.11.1987 07:00:00   ;     1
18.11.1987 07:00:00   ;     0
19.11.1987 07:00:00   ;     0
20.11.1987 07:00:00   ;     0
21.11.1987 07:00:00   ;     1
22.11.1987 07:00:00   ;     1
23.11.1987 07:00:00   ;     1
24.11.1987 07:00:00   ;     4
25.11.1987 07:00:00   ;    65
26.11.1987 07:00:00   ;    71
27.11.1987 07:00:00   ;    70
28.11.1987 07:00:00   ;    70
29.11.1987 07:00:00   ;    70
30.11.1987 07:00:00   ;    72
01.12.1987 07:00:00   ;    77
02.12.1987 07:00:00   ;    70
03.12.1987 07:00:00   ;    66
04.12.1987 07:00:00   ;    65
05.12.1987 07:00:00   ;    60
06.12.1987 07:00:00   ;    60
07.12.1987 07:00:00   ;    55
08.12.1987 07:00:00   ;    53
09.12.1987 07:00:00   ;    50
10.12.1987 07:00:00   ;    50
11.12.1987 07:00:00   ;    50
12.12.1987 07:00:00   ;    50
13.12.1987 07:00:00   ;    50
14.12.1987 07:00:00   ;    50
15.12.1987 07:00:00   ;    48
16.12.1987 07:00:00   ;    45
17.12.1987 07:00:00   ;    45
18.12.1987 07:00:00   ;    42
19.12.1987 07:00:00   ;    35
20.12.1987 07:00:00   ;    30
21.12.1987 07:00:00   ;    26
22.12.1987 07:00:00   ;    25
23.12.1987 07:00:00   ;    23
24.12.1987 07:00:00   ;    20
25.12.1987 07:00:00   ;    20
26.12.1987 07:00:00   ;    20
27.12.1987 07:00:00   ;    20
28.12.1987 07:00:00   ;    20
29.12.1987 07:00:00   ;    19
30.12.1987 07:00:00   ;    17
31.12.1987 07:00:00   ;    15
01.01.1988 07:00:00   ;    15
02.01.1988 07:00:00   ;    13
03.01.1988 07:00:00   ;    13
04.01.1988 07:00:00   ;    13
05.01.1988 07:00:00   ;    12
06.01.1988 07:00:00   ;    12
07.01.1988 07:00:00   ;    13
08.01.1988 07:00:00   ;    17
09.01.1988 07:00:00   ;    15
10.01.1988 07:00:00   ;    15
11.01.1988 07:00:00   ;    15
12.01.1988 07:00:00   ;    15
13.01.1988 07:00:00   ;    15
14.01.1988 07:00:00   ;    15
15.01.1988 07:00:00   ;    16
16.01.1988 07:00:00   ;    16
17.01.1988 07:00:00   ;    16
18.01.1988 07:00:00   ;    16
19.01.1988 07:00:00   ;    16
20.01.1988 07:00:00   ;    16
21.01.1988 07:00:00   ;    16
22.01.1988 07:00:00   ;    19
23.01.1988 07:00:00   ;    23
24.01.1988 07:00:00   ;    23
25.01.1988 07:00:00   ;    23
26.01.1988 07:00:00   ;    40
27.01.1988 07:00:00   ;    33
28.01.1988 07:00:00   ;    30
29.01.1988 07:00:00   ;    34
30.01.1988 07:00:00   ;    40
31.01.1988 07:00:00   ;    40
01.02.1988 07:00:00   ;    40
02.02.1988 07:00:00   ;    42
03.02.1988 07:00:00   ;    48
04.02.1988 07:00:00   ;    42
05.02.1988 07:00:00   ;    37
06.02.1988 07:00:00   ;    36
07.02.1988 07:00:00   ;    40
08.02.1988 07:00:00   ;    55
09.02.1988 07:00:00   ;    60
10.02.1988 07:00:00   ;    57
11.02.1988 07:00:00   ;    55
12.02.1988 07:00:00   ;    55
13.02.1988 07:00:00   ;    56
14.02.1988 07:00:00   ;    53
15.02.1988 07:00:00   ;    51
16.02.1988 07:00:00   ;    48
17.02.1988 07:00:00   ;    45
18.02.1988 07:00:00   ;    43
19.02.1988 07:00:00   ;    40
20.02.1988 07:00:00   ;    41
21.02.1988 07:00:00   ;    41
22.02.1988 07:00:00   ;    40
23.02.1988 07:00:00   ;    40
24.02.1988 07:00:00   ;    43
25.02.1988 07:00:00   ;    42
26.02.1988 07:00:00   ;    37
27.02.1988 07:00:00   ;    37
28.02.1988 07:00:00   ;    37
29.02.1988 07:00:00   ;    37
01.03.1988 07:00:00   ;    37
02.03.1988 07:00:00   ;    38
03.03.1988 07:00:00   ;    38
04.03.1988 07:00:00   ;    38
05.03.1988 07:00:00   ;    38
06.03.1988 07:00:00   ;    40
07.03.1988 07:00:00   ;    38
08.03.1988 07:00:00   ;    37
09.03.1988 07:00:00   ;    37
10.03.1988 07:00:00   ;    37
11.03.1988 07:00:00   ;    37
12.03.1988 07:00:00   ;    37
13.03.1988 07:00:00   ;    36
14.03.1988 07:00:00   ;    35
15.03.1988 07:00:00   ;    30
16.03.1988 07:00:00   ;    25
17.03.1988 07:00:00   ;    30
18.03.1988 07:00:00   ;    28
19.03.1988 07:00:00   ;    28
20.03.1988 07:00:00   ;    25
21.03.1988 07:00:00   ;    20
22.03.1988 07:00:00   ;    15
23.03.1988 07:00:00   ;    12
24.03.1988 07:00:00   ;    20
25.03.1988 07:00:00   ;    17
26.03.1988 07:00:00   ;    25
27.03.1988 07:00:00   ;    20
28.03.1988 07:00:00   ;    15
29.03.1988 07:00:00   ;    15
30.03.1988 07:00:00   ;    12
31.03.1988 07:00:00   ;    22
01.04.1988 07:00:00   ;    24
02.04.1988 07:00:00   ;    14
03.04.1988 07:00:00   ;    12
04.04.1988 07:00:00   ;    11
05.04.1988 07:00:00   ;     7
06.04.1988 07:00:00   ;    10
07.04.1988 07:00:00   ;    15
08.04.1988 07:00:00   ;    15
09.04.1988 07:00:00   ;    10
10.04.1988 07:00:00   ;     3
11.04.1988 07:00:00   ;     0
12.04.1988 07:00:00   ;     0
13.04.1988 07:00:00   ;     0
14.04.1988 07:00:00   ;     0
15.04.1988 07:00:00   ;     0
16.04.1988 07:00:00   ;     0
17.04.1988 07:00:00   ;     0
18.04.1988 07:00:00   ;     0
19.04.1988 07:00:00   ;     0
20.04.1988 07:00:00   ;     0
21.04.1988 07:00:00   ;     0
22.04.1988 07:00:00   ;     0
23.04.1988 07:00:00   ;     0
24.04.1988 07:00:00   ;     0
25.04.1988 07:00:00   ;     0
26.04.1988 07:00:00   ;     0
27.04.1988 07:00:00   ;     0
28.04.1988 07:00:00   ;     0
29.04.1988 07:00:00   ;     0
30.04.1988 07:00:00   ;     0
01.05.1988 07:00:00   ;     0
02.05.1988 07:00:00   ;     0
03.05.1988 07:00:00   ;     0
04.05.1988 07:00:00   ;     0
05.05.1988 07:00:00   ;     0
06.05.1988 07:00:00   ;     0
07.05.1988 07:00:00   ;     0
08.05.1988 07:00:00   ;     0
09.05.1988 07:00:00   ;     0
10.05.1988 07:00:00   ;     0
11.05.1988 07:00:00   ;     0
12.05.1988 07:00:00   ;     0
13.05.1988 07:00:00   ;     0
14.05.1988 07:00:00   ;     0
15.05.1988 07:00:00   ;     0
16.05.1988 07:00:00   ;     0
17.05.1988 07:00:00   ;     0
18.05.1988 07:00:00   ;     0
19.05.1988 07:00:00   ;     0
20.05.1988 07:00:00   ;     0
21.05.1988 07:00:00   ;     0
22.05.1988 07:00:00   ;     0
23.05.1988 07:00:00   ;     0
24.05.1988 07:00:00   ;     0
25.05.1988 07:00:00   ;     0
26.05.1988 07:00:00   ;     0
27.05.1988 07:00:00   ;     0
28.05.1988 07:00:00   ;     0
29.05.1988 07:00:00   ;     0
30.05.1988 07:00:00   ;     0
31.05.1988 07:00:00   ;     0
01.06.1988 07:00:00   ;     0
02.06.1988 07:00:00   ;     0
03.06.1988 07:00:00   ;     0
04.06.1988 07:00:00   ;     0
05.06.1988 07:00:00   ;     0
06.06.1988 07:00:00   ;     3
07.06.1988 07:00:00   ;     0
08.06.1988 07:00:00   ;     0
09.06.1988 07:00:00   ;     0
10.06.1988 07:00:00   ;     0
11.06.1988 07:00:00   ;     0
12.06.1988 07:00:00   ;     0
13.06.1988 07:00:00   ;     0
14.06.1988 07:00:00   ;     0
15.06.1988 07:00:00   ;     0
16.06.1988 07:00:00   ;     0
17.06.1988 07:00:00   ;     0
18.06.1988 07:00:00   ;     0
19.06.1988 07:00:00   ;     0
20.06.1988 07:00:00   ;     0
21.06.1988 07:00:00   ;     0
22.06.1988 07:00:00   ;     0
23.06.1988 07:00:00   ;     0
24.06.1988 07:00:00   ;     0
25.06.1988 07:00:00   ;     0
26.06.1988 07:00:00   ;     0
27.06.1988 07:00:00   ;     0
28.06.1988 07:00:00   ;     0
29.06.1988 07:00:00   ;     0
30.06.1988 07:00:00   ;     0
01.07.1988 07:00:00   ;     0
02.07.1988 07:00:00   ;     0
03.07.1988 07:00:00   ;     0
04.07.1988 07:00:00   ;     0
05.07.1988 07:00:00   ;     0
06.07.1988 07:00:00   ;     0
07.07.1988 07:00:00   ;     0
08.07.1988 07:00:00   ;     0
09.07.1988 07:00:00   ;     0
10.07.1988 07:00:00   ;     0
11.07.1988 07:00:00   ;     0
12.07.1988 07:00:00   ;     0
13.07.1988 07:00:00   ;     0
14.07.1988 07:00:00   ;     0
15.07.1988 07:00:00   ;     0
16.07.1988 07:00:00   ;     0
17.07.1988 07:00:00   ;     0
18.07.1988 07:00:00   ;     0
19.07.1988 07:00:00   ;     0
20.07.1988 07:00:00   ;     0
21.07.1988 07:00:00   ;     0
22.07.1988 07:00:00   ;     0
23.07.1988 07:00:00   ;     0
24.07.1988 07:00:00   ;     0
25.07.1988 07:00:00   ;     0
26.07.1988 07:00:00   ;     0
27.07.1988 07:00:00   ;     0
28.07.1988 07:00:00   ;     0
29.07.1988 07:00:00   ;     0
30.07.1988 07:00:00   ;     0
31.07.1988 07:00:00   ;     0
01.08.1988 07:00:00   ;     0
02.08.1988 07:00:00   ;     0
03.08.1988 07:00:00   ;     0
04.08.1988 07:00:00   ;     0
05.08.1988 07:00:00   ;     0
06.08.1988 07:00:00   ;     0
07.08.1988 07:00:00   ;     0
08.08.1988 07:00:00   ;     0
09.08.1988 07:00:00   ;     0
10.08.1988 07:00:00   ;     0
11.08.1988 07:00:00   ;     0
12.08.1988 07:00:00   ;     0
13.08.1988 07:00:00   ;     0
14.08.1988 07:00:00   ;     0
15.08.1988 07:00:00   ;     0
16.08.1988 07:00:00   ;     0
17.08.1988 07:00:00   ;     0
18.08.1988 07:00:00   ;     0
19.08.1988 07:00:00   ;     0
20.08.1988 07:00:00   ;     0
21.08.1988 07:00:00   ;     0
22.08.1988 07:00:00   ;     0
23.08.1988 07:00:00   ;     0
24.08.1988 07:00:00   ;     0
25.08.1988 07:00:00   ;     0
26.08.1988 07:00:00   ;     0
27.08.1988 07:00:00   ;     0
28.08.1988 07:00:00   ;     0
29.08.1988 07:00:00   ;     0
30.08.1988 07:00:00   ;     0
31.08.1988 07:00:00   ;     0
01.09.1988 07:00:00   ;     0
02.09.1988 07:00:00   ;     0
03.09.1988 07:00:00   ;     0
04.09.1988 07:00:00   ;     0
05.09.1988 07:00:00   ;     0
06.09.1988 07:00:00   ;     0
07.09.1988 07:00:00   ;     0
08.09.1988 07:00:00   ;     0
09.09.1988 07:00:00   ;     0
10.09.1988 07:00:00   ;     0
11.09.1988 07:00:00   ;     0
12.09.1988 07:00:00   ;     0
13.09.1988 07:00:00   ;     0
14.09.1988 07:00:00   ;     9
15.09.1988 07:00:00   ;     0
16.09.1988 07:00:00   ;     0
17.09.1988 07:00:00   ;     0
18.09.1988 07:00:00   ;     0
19.09.1988 07:00:00   ;     0
20.09.1988 07:00:00   ;     0
21.09.1988 07:00:00   ;     0
22.09.1988 07:00:00   ;     0
23.09.1988 07:00:00   ;     0
24.09.1988 07:00:00   ;     0
25.09.1988 07:00:00   ;     0
26.09.1988 07:00:00   ;     0
27.09.1988 07:00:00   ;     0
28.09.1988 07:00:00   ;     0
29.09.1988 07:00:00   ;     0
30.09.1988 07:00:00   ;     0
01.10.1988 07:00:00   ;     0
02.10.1988 07:00:00   ;     0
03.10.1988 07:00:00   ;     0
04.10.1988 07:00:00   ;     0
05.10.1988 07:00:00   ;     0
06.10.1988 07:00:00   ;     0
07.10.1988 07:00:00   ;     0
08.10.1988 07:00:00   ;     0
09.10.1988 07:00:00   ;     0
10.10.1988 07:00:00   ;     0
11.10.1988 07:00:00   ;     0
12.10.1988 07:00:00   ;     0
13.10.1988 07:00:00   ;     0
14.10.1988 07:00:00   ;     0
15.10.1988 07:00:00   ;     0
16.10.1988 07:00:00   ;     0
17.10.1988 07:00:00   ;     0
18.10.1988 07:00:00   ;     0
19.10.1988 07:00:00   ;     0
20.10.1988 07:00:00   ;     0
21.10.1988 07:00:00   ;     0
22.10.1988 07:00:00   ;     0
23.10.1988 07:00:00   ;     0
24.10.1988 07:00:00   ;     0
25.10.1988 07:00:00   ;     0
26.10.1988 07:00:00   ;     0
27.10.1988 07:00:00   ;     0
28.10.1988 07:00:00   ;     0
29.10.1988 07:00:00   ;     0
30.10.1988 07:00:00   ;     0
31.10.1988 07:00:00   ;     0
01.11.1988 07:00:00   ;     0
02.11.1988 07:00:00   ;     0
03.11.1988 07:00:00   ;     0
04.11.1988 07:00:00   ;     0
05.11.1988 07:00:00   ;     0
06.11.1988 07:00:00   ;     0
07.11.1988 07:00:00   ;     0
08.11.1988 07:00:00   ;     0
09.11.1988 07:00:00   ;     0
10.11.1988 07:00:00   ;     0
11.11.1988 07:00:00   ;     0
12.11.1988 07:00:00   ;     0
13.11.1988 07:00:00   ;     0
14.11.1988 07:00:00   ;     0
15.11.1988 07:00:00   ;     0
16.11.1988 07:00:00   ;     1
17.11.1988 07:00:00   ;     0
18.11.1988 07:00:00   ;     0
19.11.1988 07:00:00   ;     0
20.11.1988 07:00:00   ;     0
21.11.1988 07:00:00   ;     7
22.11.1988 07:00:00   ;     6
23.11.1988 07:00:00   ;     5
24.11.1988 07:00:00   ;     5
25.11.1988 07:00:00   ;     4
26.11.1988 07:00:00   ;     4
27.11.1988 07:00:00   ;     2
28.11.1988 07:00:00   ;     1
29.11.1988 07:00:00   ;     0
30.11.1988 07:00:00   ;     0
01.12.1988 07:00:00   ;     3
02.12.1988 07:00:00   ;     5
03.12.1988 07:00:00   ;    10
04.12.1988 07:00:00   ;    10
05.12.1988 07:00:00   ;    26
06.12.1988 07:00:00   ;    26
07.12.1988 07:00:00   ;    22
08.12.1988 07:00:00   ;    19
09.12.1988 07:00:00   ;    18
10.12.1988 07:00:00   ;    16
11.12.1988 07:00:00   ;    14
12.12.1988 07:00:00   ;    13
13.12.1988 07:00:00   ;    12
14.12.1988 07:00:00   ;    11
15.12.1988 07:00:00   ;    15
16.12.1988 07:00:00   ;    13
17.12.1988 07:00:00   ;    13
18.12.1988 07:00:00   ;    13
19.12.1988 07:00:00   ;    13
20.12.1988 07:00:00   ;    12
21.12.1988 07:00:00   ;    12
22.12.1988 07:00:00   ;    11
23.12.1988 07:00:00   ;    10
24.12.1988 07:00:00   ;    10
25.12.1988 07:00:00   ;     9
26.12.1988 07:00:00   ;     8
27.12.1988 07:00:00   ;     7
28.12.1988 07:00:00   ;     5
29.12.1988 07:00:00   ;     4
30.12.1988 07:00:00   ;     3
31.12.1988 07:00:00   ;     2
01.01.1989 07:00:00   ;     1
02.01.1989 07:00:00   ;     0
03.01.1989 07:00:00   ;     0
04.01.1989 07:00:00   ;     0
05.01.1989 07:00:00   ;     0
06.01.1989 07:00:00   ;     0
07.01.1989 07:00:00   ;     0
08.01.1989 07:00:00   ;     3
09.01.1989 07:00:00   ;     0
10.01.1989 07:00:00   ;     0
11.01.1989 07:00:00   ;     0
12.01.1989 07:00:00   ;     0
13.01.1989 07:00:00   ;     0
14.01.1989 07:00:00   ;     0
15.01.1989 07:00:00   ;     0
16.01.1989 07:00:00   ;     0
17.01.1989 07:00:00   ;     0
18.01.1989 07:00:00   ;     0
19.01.1989 07:00:00   ;     0
20.01.1989 07:00:00   ;     0
21.01.1989 07:00:00   ;     0
22.01.1989 07:00:00   ;     0
23.01.1989 07:00:00   ;     0
24.01.1989 07:00:00   ;     0
25.01.1989 07:00:00   ;     0
26.01.1989 07:00:00   ;     0
27.01.1989 07:00:00   ;     0
28.01.1989 07:00:00   ;     0
29.01.1989 07:00:00   ;     0
30.01.1989 07:00:00   ;     0
31.01.1989 07:00:00   ;     0
01.02.1989 07:00:00   ;     0
02.02.1989 07:00:00   ;     0
03.02.1989 07:00:00   ;     0
04.02.1989 07:00:00   ;     0
05.02.1989 07:00:00   ;     0
06.02.1989 07:00:00   ;     0
07.02.1989 07:00:00   ;     0
08.02.1989 07:00:00   ;     0
09.02.1989 07:00:00   ;     0
10.02.1989 07:00:00   ;     0
11.02.1989 07:00:00   ;     0
12.02.1989 07:00:00   ;     0
13.02.1989 07:00:00   ;     0
14.02.1989 07:00:00   ;     0
15.02.1989 07:00:00   ;     1
16.02.1989 07:00:00   ;     0
17.02.1989 07:00:00   ;     0
18.02.1989 07:00:00   ;     1
19.02.1989 07:00:00   ;     0
20.02.1989 07:00:00   ;     0
21.02.1989 07:00:00   ;     0
22.02.1989 07:00:00   ;     1
23.02.1989 07:00:00   ;     1
24.02.1989 07:00:00   ;     1
25.02.1989 07:00:00   ;    29
26.02.1989 07:00:00   ;    77
27.02.1989 07:00:00   ;    70
28.02.1989 07:00:00   ;    60
01.03.1989 07:00:00   ;    55
02.03.1989 07:00:00   ;    48
03.03.1989 07:00:00   ;    46
04.03.1989 07:00:00   ;    47
05.03.1989 07:00:00   ;    40
06.03.1989 07:00:00   ;    32
07.03.1989 07:00:00   ;    30
08.03.1989 07:00:00   ;    20
09.03.1989 07:00:00   ;    21
10.03.1989 07:00:00   ;    20
11.03.1989 07:00:00   ;    15
12.03.1989 07:00:00   ;    15
13.03.1989 07:00:00   ;     5
14.03.1989 07:00:00   ;     8
15.03.1989 07:00:00   ;     4
16.03.1989 07:00:00   ;     2
17.03.1989 07:00:00   ;     1
18.03.1989 07:00:00   ;     5
19.03.1989 07:00:00   ;    12
20.03.1989 07:00:00   ;     5
21.03.1989 07:00:00   ;     5
22.03.1989 07:00:00   ;     0
23.03.1989 07:00:00   ;     0
24.03.1989 07:00:00   ;     0
25.03.1989 07:00:00   ;     0
26.03.1989 07:00:00   ;     0
27.03.1989 07:00:00   ;     0
28.03.1989 07:00:00   ;     0
29.03.1989 07:00:00   ;     0
30.03.1989 07:00:00   ;     0
31.03.1989 07:00:00   ;     0
01.04.1989 07:00:00   ;     0
02.04.1989 07:00:00   ;     0
03.04.1989 07:00:00   ;     0
04.04.1989 07:00:00   ;     5
05.04.1989 07:00:00   ;     2
06.04.1989 07:00:00   ;     1
07.04.1989 07:00:00   ;     1
08.04.1989 07:00:00   ;     1
09.04.1989 07:00:00   ;     1
10.04.1989 07:00:00   ;     0
11.04.1989 07:00:00   ;     0
12.04.1989 07:00:00   ;     0
13.04.1989 07:00:00   ;     1
14.04.1989 07:00:00   ;    10
15.04.1989 07:00:00   ;     0
16.04.1989 07:00:00   ;     0
17.04.1989 07:00:00   ;     1
18.04.1989 07:00:00   ;     1
19.04.1989 07:00:00   ;     4
20.04.1989 07:00:00   ;     4
21.04.1989 07:00:00   ;     0
22.04.1989 07:00:00   ;     4
23.04.1989 07:00:00   ;    11
24.04.1989 07:00:00   ;     1
25.04.1989 07:00:00   ;     0
26.04.1989 07:00:00   ;     0
27.04.1989 07:00:00   ;     1
28.04.1989 07:00:00   ;    12
29.04.1989 07:00:00   ;     6
30.04.1989 07:00:00   ;     3
01.05.1989 07:00:00   ;     0
02.05.1989 07:00:00   ;     0
03.05.1989 07:00:00   ;     0
04.05.1989 07:00:00   ;     0
05.05.1989 07:00:00   ;     0
06.05.1989 07:00:00   ;     0
07.05.1989 07:00:00   ;     0
08.05.1989 07:00:00   ;     0
09.05.1989 07:00:00   ;     0
10.05.1989 07:00:00   ;     0
11.05.1989 07:00:00   ;     0
12.05.1989 07:00:00   ;     0
13.05.1989 07:00:00   ;     0
14.05.1989 07:00:00   ;     0
15.05.1989 07:00:00   ;     0
16.05.1989 07:00:00   ;     0
17.05.1989 07:00:00   ;     0
18.05.1989 07:00:00   ;     0
19.05.1989 07:00:00   ;     0
20.05.1989 07:00:00   ;     0
21.05.1989 07:00:00   ;     0
22.05.1989 07:00:00   ;     0
23.05.1989 07:00:00   ;     0
24.05.1989 07:00:00   ;     0
25.05.1989 07:00:00   ;     0
26.05.1989 07:00:00   ;     0
27.05.1989 07:00:00   ;     0
28.05.1989 07:00:00   ;     0
29.05.1989 07:00:00   ;     0
30.05.1989 07:00:00   ;     0
31.05.1989 07:00:00   ;     0
01.06.1989 07:00:00   ;     0
02.06.1989 07:00:00   ;     0
03.06.1989 07:00:00   ;     0
04.06.1989 07:00:00   ;     0
05.06.1989 07:00:00   ;     0
06.06.1989 07:00:00   ;     4
07.06.1989 07:00:00   ;     0
08.06.1989 07:00:00   ;     3
09.06.1989 07:00:00   ;     0
10.06.1989 07:00:00   ;     0
11.06.1989 07:00:00   ;     0
12.06.1989 07:00:00   ;     0
13.06.1989 07:00:00   ;     0
14.06.1989 07:00:00   ;     0
15.06.1989 07:00:00   ;     0
16.06.1989 07:00:00   ;     0
17.06.1989 07:00:00   ;     0
18.06.1989 07:00:00   ;     0
19.06.1989 07:00:00   ;     0
20.06.1989 07:00:00   ;     0
21.06.1989 07:00:00   ;     0
22.06.1989 07:00:00   ;     0
23.06.1989 07:00:00   ;     0
24.06.1989 07:00:00   ;     0
25.06.1989 07:00:00   ;     0
26.06.1989 07:00:00   ;     0
27.06.1989 07:00:00   ;     0
28.06.1989 07:00:00   ;     0
29.06.1989 07:00:00   ;     0
30.06.1989 07:00:00   ;     0
01.07.1989 07:00:00   ;     0
02.07.1989 07:00:00   ;     0
03.07.1989 07:00:00   ;     0
04.07.1989 07:00:00   ;     0
05.07.1989 07:00:00   ;     0
06.07.1989 07:00:00   ;     0
07.07.1989 07:00:00   ;     0
08.07.1989 07:00:00   ;     0
09.07.1989 07:00:00   ;     0
10.07.1989 07:00:00   ;     0
11.07.1989 07:00:00   ;     0
12.07.1989 07:00:00   ;     0
13.07.1989 07:00:00   ;     0
14.07.1989 07:00:00   ;     0
15.07.1989 07:00:00   ;     0
16.07.1989 07:00:00   ;     0
17.07.1989 07:00:00   ;     0
18.07.1989 07:00:00   ;     0
19.07.1989 07:00:00   ;     0
20.07.1989 07:00:00   ;     0
21.07.1989 07:00:00   ;     0
22.07.1989 07:00:00   ;     0
23.07.1989 07:00:00   ;     0
24.07.1989 07:00:00   ;     0
25.07.1989 07:00:00   ;     0
26.07.1989 07:00:00   ;     0
27.07.1989 07:00:00   ;     0
28.07.1989 07:00:00   ;     0
29.07.1989 07:00:00   ;     0
30.07.1989 07:00:00   ;     0
31.07.1989 07:00:00   ;     0
01.08.1989 07:00:00   ;     0
02.08.1989 07:00:00   ;     0
03.08.1989 07:00:00   ;     0
04.08.1989 07:00:00   ;     0
05.08.1989 07:00:00   ;     0
06.08.1989 07:00:00   ;     0
07.08.1989 07:00:00   ;     0
08.08.1989 07:00:00   ;     0
09.08.1989 07:00:00   ;     0
10.08.1989 07:00:00   ;     0
11.08.1989 07:00:00   ;     0
12.08.1989 07:00:00   ;     0
13.08.1989 07:00:00   ;     0
14.08.1989 07:00:00   ;     0
15.08.1989 07:00:00   ;     0
16.08.1989 07:00:00   ;     0
17.08.1989 07:00:00   ;     0
18.08.1989 07:00:00   ;     0
19.08.1989 07:00:00   ;     0
20.08.1989 07:00:00   ;     0
21.08.1989 07:00:00   ;     0
22.08.1989 07:00:00   ;     0
23.08.1989 07:00:00   ;     0
24.08.1989 07:00:00   ;     0
25.08.1989 07:00:00   ;     0
26.08.1989 07:00:00   ;     0
27.08.1989 07:00:00   ;     0
28.08.1989 07:00:00   ;     0
29.08.1989 07:00:00   ;     0
30.08.1989 07:00:00   ;     0
31.08.1989 07:00:00   ;     0
01.09.1989 07:00:00   ;     0
02.09.1989 07:00:00   ;     0
03.09.1989 07:00:00   ;     0
04.09.1989 07:00:00   ;     0
05.09.1989 07:00:00   ;     0
06.09.1989 07:00:00   ;     0
07.09.1989 07:00:00   ;     0
08.09.1989 07:00:00   ;     0
09.09.1989 07:00:00   ;     0
10.09.1989 07:00:00   ;     0
11.09.1989 07:00:00   ;     0
12.09.1989 07:00:00   ;     0
13.09.1989 07:00:00   ;     0
14.09.1989 07:00:00   ;     0
15.09.1989 07:00:00   ;     0
16.09.1989 07:00:00   ;     0
17.09.1989 07:00:00   ;     0
18.09.1989 07:00:00   ;     0
19.09.1989 07:00:00   ;     0
20.09.1989 07:00:00   ;     0
21.09.1989 07:00:00   ;     0
22.09.1989 07:00:00   ;     0
23.09.1989 07:00:00   ;     0
24.09.1989 07:00:00   ;     0
25.09.1989 07:00:00   ;     0
26.09.1989 07:00:00   ;     0
27.09.1989 07:00:00   ;     0
28.09.1989 07:00:00   ;     1
29.09.1989 07:00:00   ;     0
30.09.1989 07:00:00   ;     0
01.10.1989 07:00:00   ;     0
02.10.1989 07:00:00   ;     0
03.10.1989 07:00:00   ;     0
04.10.1989 07:00:00   ;     0
05.10.1989 07:00:00   ;     0
06.10.1989 07:00:00   ;     0
07.10.1989 07:00:00   ;     0
08.10.1989 07:00:00   ;     0
09.10.1989 07:00:00   ;     0
10.10.1989 07:00:00   ;     0
11.10.1989 07:00:00   ;     0
12.10.1989 07:00:00   ;     0
13.10.1989 07:00:00   ;     0
14.10.1989 07:00:00   ;     0
15.10.1989 07:00:00   ;     1
16.10.1989 07:00:00   ;     0
17.10.1989 07:00:00   ;     0
18.10.1989 07:00:00   ;     0
19.10.1989 07:00:00   ;     0
20.10.1989 07:00:00   ;     0
21.10.1989 07:00:00   ;     0
22.10.1989 07:00:00   ;     0
23.10.1989 07:00:00   ;     0
24.10.1989 07:00:00   ;     0
25.10.1989 07:00:00   ;     0
26.10.1989 07:00:00   ;     0
27.10.1989 07:00:00   ;     0
28.10.1989 07:00:00   ;     0
29.10.1989 07:00:00   ;     0
30.10.1989 07:00:00   ;     0
31.10.1989 07:00:00   ;     0
01.11.1989 07:00:00   ;     0
02.11.1989 07:00:00   ;     0
03.11.1989 07:00:00   ;     0
04.11.1989 07:00:00   ;     0
05.11.1989 07:00:00   ;     1
06.11.1989 07:00:00   ;    19
07.11.1989 07:00:00   ;    38
08.11.1989 07:00:00   ;    20
09.11.1989 07:00:00   ;    15
10.11.1989 07:00:00   ;    20
11.11.1989 07:00:00   ;    15
12.11.1989 07:00:00   ;    14
13.11.1989 07:00:00   ;    12
14.11.1989 07:00:00   ;    10
15.11.1989 07:00:00   ;     9
16.11.1989 07:00:00   ;     5
17.11.1989 07:00:00   ;     3
18.11.1989 07:00:00   ;     2
19.11.1989 07:00:00   ;     1
20.11.1989 07:00:00   ;     0
21.11.1989 07:00:00   ;     0
22.11.1989 07:00:00   ;     0
23.11.1989 07:00:00   ;     0
24.11.1989 07:00:00   ;     0
25.11.1989 07:00:00   ;     0
26.11.1989 07:00:00   ;     0
27.11.1989 07:00:00   ;     0
28.11.1989 07:00:00   ;     0
29.11.1989 07:00:00   ;     0
30.11.1989 07:00:00   ;     0
01.12.1989 07:00:00   ;     0
02.12.1989 07:00:00   ;     0
03.12.1989 07:00:00   ;     0
04.12.1989 07:00:00   ;     0
05.12.1989 07:00:00   ;     0
06.12.1989 07:00:00   ;     0
07.12.1989 07:00:00   ;     0
08.12.1989 07:00:00   ;     0
09.12.1989 07:00:00   ;     0
10.12.1989 07:00:00   ;     0
11.12.1989 07:00:00   ;     0
12.12.1989 07:00:00   ;     0
13.12.1989 07:00:00   ;     0
14.12.1989 07:00:00   ;     0
15.12.1989 07:00:00   ;     0
16.12.1989 07:00:00   ;     0
17.12.1989 07:00:00   ;     0
18.12.1989 07:00:00   ;     0
19.12.1989 07:00:00   ;     0
20.12.1989 07:00:00   ;    13
21.12.1989 07:00:00   ;    10
22.12.1989 07:00:00   ;     5
23.12.1989 07:00:00   ;     3
24.12.1989 07:00:00   ;     4
25.12.1989 07:00:00   ;    10
26.12.1989 07:00:00   ;    10
27.12.1989 07:00:00   ;    10
28.12.1989 07:00:00   ;    10
29.12.1989 07:00:00   ;    10
30.12.1989 07:00:00   ;    10
31.12.1989 07:00:00   ;    10
01.01.1990 07:00:00   ;    10
02.01.1990 07:00:00   ;    10
03.01.1990 07:00:00   ;    10
04.01.1990 07:00:00   ;    10
05.01.1990 07:00:00   ;    10
06.01.1990 07:00:00   ;    10
07.01.1990 07:00:00   ;    10
08.01.1990 07:00:00   ;    10
09.01.1990 07:00:00   ;    10
10.01.1990 07:00:00   ;    10
11.01.1990 07:00:00   ;    10
12.01.1990 07:00:00   ;    10
13.01.1990 07:00:00   ;     9
14.01.1990 07:00:00   ;     9
15.01.1990 07:00:00   ;     9
16.01.1990 07:00:00   ;     9
17.01.1990 07:00:00   ;     9
18.01.1990 07:00:00   ;     5
19.01.1990 07:00:00   ;     5
20.01.1990 07:00:00   ;     4
21.01.1990 07:00:00   ;     3
22.01.1990 07:00:00   ;     3
23.01.1990 07:00:00   ;     0
24.01.1990 07:00:00   ;     0
25.01.1990 07:00:00   ;     0
26.01.1990 07:00:00   ;     0
27.01.1990 07:00:00   ;     9
28.01.1990 07:00:00   ;     7
29.01.1990 07:00:00   ;    10
30.01.1990 07:00:00   ;     8
31.01.1990 07:00:00   ;     8
01.02.1990 07:00:00   ;     5
02.02.1990 07:00:00   ;     4
03.02.1990 07:00:00   ;     8
04.02.1990 07:00:00   ;     7
05.02.1990 07:00:00   ;     6
06.02.1990 07:00:00   ;     2
07.02.1990 07:00:00   ;     0
08.02.1990 07:00:00   ;     0
09.02.1990 07:00:00   ;     0
10.02.1990 07:00:00   ;     0
11.02.1990 07:00:00   ;     1
12.02.1990 07:00:00   ;     7
13.02.1990 07:00:00   ;     7
14.02.1990 07:00:00   ;    35
15.02.1990 07:00:00   ;    30
16.02.1990 07:00:00   ;    20
17.02.1990 07:00:00   ;    20
18.02.1990 07:00:00   ;    16
19.02.1990 07:00:00   ;    15
20.02.1990 07:00:00   ;    12
21.02.1990 07:00:00   ;    10
22.02.1990 07:00:00   ;     5
23.02.1990 07:00:00   ;     0
24.02.1990 07:00:00   ;     0
25.02.1990 07:00:00   ;     0
26.02.1990 07:00:00   ;     0
27.02.1990 07:00:00   ;    15
28.02.1990 07:00:00   ;    40
01.03.1990 07:00:00   ;    40
02.03.1990 07:00:00   ;    35
03.03.1990 07:00:00   ;    30
04.03.1990 07:00:00   ;    28
05.03.1990 07:00:00   ;    21
06.03.1990 07:00:00   ;    15
07.03.1990 07:00:00   ;    10
08.03.1990 07:00:00   ;     7
09.03.1990 07:00:00   ;     4
10.03.1990 07:00:00   ;     0
11.03.1990 07:00:00   ;     0
12.03.1990 07:00:00   ;     0
13.03.1990 07:00:00   ;     0
14.03.1990 07:00:00   ;     0
15.03.1990 07:00:00   ;     0
16.03.1990 07:00:00   ;     0
17.03.1990 07:00:00   ;     0
18.03.1990 07:00:00   ;     0
19.03.1990 07:00:00   ;     0
20.03.1990 07:00:00   ;     0
21.03.1990 07:00:00   ;     0
22.03.1990 07:00:00   ;     0
23.03.1990 07:00:00   ;     0
24.03.1990 07:00:00   ;     0
25.03.1990 07:00:00   ;     0
26.03.1990 07:00:00   ;    11
27.03.1990 07:00:00   ;    12
28.03.1990 07:00:00   ;    30
29.03.1990 07:00:00   ;    20
30.03.1990 07:00:00   ;    12
31.03.1990 07:00:00   ;    10
01.04.1990 07:00:00   ;     0
02.04.1990 07:00:00   ;     0
03.04.1990 07:00:00   ;     0
04.04.1990 07:00:00   ;     1
05.04.1990 07:00:00   ;     1
06.04.1990 07:00:00   ;     1
07.04.1990 07:00:00   ;     2
08.04.1990 07:00:00   ;     1
09.04.1990 07:00:00   ;     5
10.04.1990 07:00:00   ;     8
11.04.1990 07:00:00   ;     0
12.04.1990 07:00:00   ;     0
13.04.1990 07:00:00   ;     0
14.04.1990 07:00:00   ;     0
15.04.1990 07:00:00   ;     1
16.04.1990 07:00:00   ;     6
17.04.1990 07:00:00   ;     0
18.04.1990 07:00:00   ;     4
19.04.1990 07:00:00   ;     0
20.04.1990 07:00:00   ;     4
21.04.1990 07:00:00   ;     5
22.04.1990 07:00:00   ;     0
23.04.1990 07:00:00   ;     0
24.04.1990 07:00:00   ;     6
25.04.1990 07:00:00   ;     2
26.04.1990 07:00:00   ;     0
27.04.1990 07:00:00   ;     0
28.04.1990 07:00:00   ;     0
29.04.1990 07:00:00   ;     0
30.04.1990 07:00:00   ;     0
01.05.1990 07:00:00   ;     0
02.05.1990 07:00:00   ;     0
03.05.1990 07:00:00   ;     0
04.05.1990 07:00:00   ;     0
05.05.1990 07:00:00   ;     0
06.05.1990 07:00:00   ;     0
07.05.1990 07:00:00   ;     0
08.05.1990 07:00:00   ;     0
09.05.1990 07:00:00   ;     0
10.05.1990 07:00:00   ;     0
11.05.1990 07:00:00   ;     0
12.05.1990 07:00:00   ;     0
13.05.1990 07:00:00   ;     0
14.05.1990 07:00:00   ;     0
15.05.1990 07:00:00   ;     0
16.05.1990 07:00:00   ;     0
17.05.1990 07:00:00   ;     0
18.05.1990 07:00:00   ;     0
19.05.1990 07:00:00   ;     0
20.05.1990 07:00:00   ;     0
21.05.1990 07:00:00   ;     0
22.05.1990 07:00:00   ;     0
23.05.1990 07:00:00   ;     0
24.05.1990 07:00:00   ;     0
25.05.1990 07:00:00   ;     0
26.05.1990 07:00:00   ;     0
27.05.1990 07:00:00   ;     0
28.05.1990 07:00:00   ;     0
29.05.1990 07:00:00   ;     0
30.05.1990 07:00:00   ;     0
31.05.1990 07:00:00   ;     0
01.06.1990 07:00:00   ;     0
02.06.1990 07:00:00   ;     0
03.06.1990 07:00:00   ;     0
04.06.1990 07:00:00   ;     0
05.06.1990 07:00:00   ;     0
06.06.1990 07:00:00   ;     0
07.06.1990 07:00:00   ;     0
08.06.1990 07:00:00   ;     0
09.06.1990 07:00:00   ;     0
10.06.1990 07:00:00   ;     0
11.06.1990 07:00:00   ;     0
12.06.1990 07:00:00   ;     0
13.06.1990 07:00:00   ;     0
14.06.1990 07:00:00   ;     0
15.06.1990 07:00:00   ;     0
16.06.1990 07:00:00   ;     0
17.06.1990 07:00:00   ;     0
18.06.1990 07:00:00   ;     0
19.06.1990 07:00:00   ;     0
20.06.1990 07:00:00   ;     0
21.06.1990 07:00:00   ;     0
22.06.1990 07:00:00   ;     0
23.06.1990 07:00:00   ;     0
24.06.1990 07:00:00   ;     0
25.06.1990 07:00:00   ;     0
26.06.1990 07:00:00   ;     0
27.06.1990 07:00:00   ;     0
28.06.1990 07:00:00   ;     0
29.06.1990 07:00:00   ;     0
30.06.1990 07:00:00   ;     0
01.07.1990 07:00:00   ;     0
02.07.1990 07:00:00   ;     0
03.07.1990 07:00:00   ;     0
04.07.1990 07:00:00   ;     0
05.07.1990 07:00:00   ;     0
06.07.1990 07:00:00   ;     0
07.07.1990 07:00:00   ;     0
08.07.1990 07:00:00   ;     0
09.07.1990 07:00:00   ;     0
10.07.1990 07:00:00   ;     0
11.07.1990 07:00:00   ;     0
12.07.1990 07:00:00   ;     0
13.07.1990 07:00:00   ;     0
14.07.1990 07:00:00   ;     0
15.07.1990 07:00:00   ;     0
16.07.1990 07:00:00   ;     0
17.07.1990 07:00:00   ;     0
18.07.1990 07:00:00   ;     0
19.07.1990 07:00:00   ;     0
20.07.1990 07:00:00   ;     0
21.07.1990 07:00:00   ;     0
22.07.1990 07:00:00   ;     0
23.07.1990 07:00:00   ;     0
24.07.1990 07:00:00   ;     0
25.07.1990 07:00:00   ;     0
26.07.1990 07:00:00   ;     0
27.07.1990 07:00:00   ;     0
28.07.1990 07:00:00   ;     0
29.07.1990 07:00:00   ;     0
30.07.1990 07:00:00   ;     0
31.07.1990 07:00:00   ;     0
01.08.1990 07:00:00   ;     0
02.08.1990 07:00:00   ;     0
03.08.1990 07:00:00   ;     0
04.08.1990 07:00:00   ;     0
05.08.1990 07:00:00   ;     0
06.08.1990 07:00:00   ;     0
07.08.1990 07:00:00   ;     0
08.08.1990 07:00:00   ;     0
09.08.1990 07:00:00   ;     0
10.08.1990 07:00:00   ;     0
11.08.1990 07:00:00   ;     0
12.08.1990 07:00:00   ;     0
13.08.1990 07:00:00   ;     0
14.08.1990 07:00:00   ;     0
15.08.1990 07:00:00   ;     0
16.08.1990 07:00:00   ;     0
17.08.1990 07:00:00   ;     0
18.08.1990 07:00:00   ;     0
19.08.1990 07:00:00   ;     0
20.08.1990 07:00:00   ;     0
21.08.1990 07:00:00   ;     0
22.08.1990 07:00:00   ;     0
23.08.1990 07:00:00   ;     0
24.08.1990 07:00:00   ;     0
25.08.1990 07:00:00   ;     0
26.08.1990 07:00:00   ;     0
27.08.1990 07:00:00   ;     0
28.08.1990 07:00:00   ;     0
29.08.1990 07:00:00   ;     0
30.08.1990 07:00:00   ;     0
31.08.1990 07:00:00   ;     0
01.09.1990 07:00:00   ;     0
02.09.1990 07:00:00   ;     0
03.09.1990 07:00:00   ;     0
04.09.1990 07:00:00   ;     0
05.09.1990 07:00:00   ;     0
06.09.1990 07:00:00   ;     0
07.09.1990 07:00:00   ;     0
08.09.1990 07:00:00   ;     0
09.09.1990 07:00:00   ;     0
10.09.1990 07:00:00   ;     0
11.09.1990 07:00:00   ;     0
12.09.1990 07:00:00   ;     0
13.09.1990 07:00:00   ;     0
14.09.1990 07:00:00   ;     0
15.09.1990 07:00:00   ;     0
16.09.1990 07:00:00   ;     0
17.09.1990 07:00:00   ;     0
18.09.1990 07:00:00   ;     0
19.09.1990 07:00:00   ;     0
20.09.1990 07:00:00   ;     0
21.09.1990 07:00:00   ;     0
22.09.1990 07:00:00   ;     0
23.09.1990 07:00:00   ;     0
24.09.1990 07:00:00   ;     0
25.09.1990 07:00:00   ;     0
26.09.1990 07:00:00   ;     0
27.09.1990 07:00:00   ;     0
28.09.1990 07:00:00   ;     0
29.09.1990 07:00:00   ;     0
30.09.1990 07:00:00   ;     0
01.10.1990 07:00:00   ;     0
02.10.1990 07:00:00   ;     0
03.10.1990 07:00:00   ;     0
04.10.1990 07:00:00   ;     0
05.10.1990 07:00:00   ;     0
06.10.1990 07:00:00   ;     0
07.10.1990 07:00:00   ;     0
08.10.1990 07:00:00   ;     0
09.10.1990 07:00:00   ;     0
10.10.1990 07:00:00   ;     0
11.10.1990 07:00:00   ;     0
12.10.1990 07:00:00   ;     0
13.10.1990 07:00:00   ;     0
14.10.1990 07:00:00   ;     0
15.10.1990 07:00:00   ;     0
16.10.1990 07:00:00   ;     0
17.10.1990 07:00:00   ;     0
18.10.1990 07:00:00   ;     0
19.10.1990 07:00:00   ;     0
20.10.1990 07:00:00   ;     0
21.10.1990 07:00:00   ;     0
22.10.1990 07:00:00   ;     0
23.10.1990 07:00:00   ;     0
24.10.1990 07:00:00   ;     0
25.10.1990 07:00:00   ;     0
26.10.1990 07:00:00   ;     2
27.10.1990 07:00:00   ;     0
28.10.1990 07:00:00   ;    11
29.10.1990 07:00:00   ;     1
30.10.1990 07:00:00   ;     0
31.10.1990 07:00:00   ;     0
01.11.1990 07:00:00   ;     0
02.11.1990 07:00:00   ;     2
03.11.1990 07:00:00   ;     2
04.11.1990 07:00:00   ;    13
05.11.1990 07:00:00   ;     6
06.11.1990 07:00:00   ;     5
07.11.1990 07:00:00   ;     4
08.11.1990 07:00:00   ;     1
09.11.1990 07:00:00   ;     0
10.11.1990 07:00:00   ;     0
11.11.1990 07:00:00   ;     0
12.11.1990 07:00:00   ;     4
13.11.1990 07:00:00   ;     0
14.11.1990 07:00:00   ;     0
15.11.1990 07:00:00   ;     1
16.11.1990 07:00:00   ;     5
17.11.1990 07:00:00   ;     0
18.11.1990 07:00:00   ;     0
19.11.1990 07:00:00   ;     0
20.11.1990 07:00:00   ;     0
21.11.1990 07:00:00   ;     0
22.11.1990 07:00:00   ;     0
23.11.1990 07:00:00   ;     5
24.11.1990 07:00:00   ;     5
25.11.1990 07:00:00   ;     7
26.11.1990 07:00:00   ;    80
27.11.1990 07:00:00   ;    68
28.11.1990 07:00:00   ;    70
29.11.1990 07:00:00   ;    68
30.11.1990 07:00:00   ;    64
01.12.1990 07:00:00   ;    60
02.12.1990 07:00:00   ;    60
03.12.1990 07:00:00   ;    58
04.12.1990 07:00:00   ;    55
05.12.1990 07:00:00   ;    55
06.12.1990 07:00:00   ;    55
07.12.1990 07:00:00   ;    55
08.12.1990 07:00:00   ;    53
09.12.1990 07:00:00   ;    53
10.12.1990 07:00:00   ;   113
11.12.1990 07:00:00   ;   125
12.12.1990 07:00:00   ;   120
13.12.1990 07:00:00   ;   110
14.12.1990 07:00:00   ;   105
15.12.1990 07:00:00   ;   100
16.12.1990 07:00:00   ;    95
17.12.1990 07:00:00   ;    94
18.12.1990 07:00:00   ;    87
19.12.1990 07:00:00   ;    86
20.12.1990 07:00:00   ;    85
21.12.1990 07:00:00   ;    85
22.12.1990 07:00:00   ;    85
23.12.1990 07:00:00   ;    81
24.12.1990 07:00:00   ;    79
25.12.1990 07:00:00   ;    78
26.12.1990 07:00:00   ;    80
27.12.1990 07:00:00   ;    80
28.12.1990 07:00:00   ;    80
29.12.1990 07:00:00   ;    78
30.12.1990 07:00:00   ;    76
31.12.1990 07:00:00   ;    75
01.01.1991 07:00:00   ;    82
02.01.1991 07:00:00   ;    81
03.01.1991 07:00:00   ;    78
04.01.1991 07:00:00   ;    72
05.01.1991 07:00:00   ;    80
06.01.1991 07:00:00   ;    80
07.01.1991 07:00:00   ;    80
08.01.1991 07:00:00   ;    78
09.01.1991 07:00:00   ;    76
10.01.1991 07:00:00   ;    72
11.01.1991 07:00:00   ;    72
12.01.1991 07:00:00   ;    72
13.01.1991 07:00:00   ;    77
14.01.1991 07:00:00   ;    85
15.01.1991 07:00:00   ;    85
16.01.1991 07:00:00   ;    84
17.01.1991 07:00:00   ;    82
18.01.1991 07:00:00   ;    80
19.01.1991 07:00:00   ;    78
20.01.1991 07:00:00   ;    78
21.01.1991 07:00:00   ;    78
22.01.1991 07:00:00   ;    77
23.01.1991 07:00:00   ;    77
24.01.1991 07:00:00   ;    75
25.01.1991 07:00:00   ;    73
26.01.1991 07:00:00   ;    73
27.01.1991 07:00:00   ;    73
28.01.1991 07:00:00   ;    73
29.01.1991 07:00:00   ;    72
30.01.1991 07:00:00   ;    71
31.01.1991 07:00:00   ;    70
01.02.1991 07:00:00   ;    70
02.02.1991 07:00:00   ;    70
03.02.1991 07:00:00   ;    70
04.02.1991 07:00:00   ;    70
05.02.1991 07:00:00   ;    70
06.02.1991 07:00:00   ;    71
07.02.1991 07:00:00   ;    71
08.02.1991 07:00:00   ;    75
09.02.1991 07:00:00   ;    80
10.02.1991 07:00:00   ;    86
11.02.1991 07:00:00   ;    86
12.02.1991 07:00:00   ;    89
13.02.1991 07:00:00   ;    85
14.02.1991 07:00:00   ;    85
15.02.1991 07:00:00   ;    83
16.02.1991 07:00:00   ;    83
17.02.1991 07:00:00   ;    82
18.02.1991 07:00:00   ;    81
19.02.1991 07:00:00   ;    79
20.02.1991 07:00:00   ;    76
21.02.1991 07:00:00   ;    73
22.02.1991 07:00:00   ;    72
23.02.1991 07:00:00   ;    70
24.02.1991 07:00:00   ;    70
25.02.1991 07:00:00   ;    66
26.02.1991 07:00:00   ;    63
27.02.1991 07:00:00   ;    58
28.02.1991 07:00:00   ;    55
01.03.1991 07:00:00   ;    55
02.03.1991 07:00:00   ;    55
03.03.1991 07:00:00   ;    52
04.03.1991 07:00:00   ;    55
05.03.1991 07:00:00   ;    47
06.03.1991 07:00:00   ;    41
07.03.1991 07:00:00   ;    40
08.03.1991 07:00:00   ;    38
09.03.1991 07:00:00   ;    35
10.03.1991 07:00:00   ;    31
11.03.1991 07:00:00   ;    30
12.03.1991 07:00:00   ;    28
13.03.1991 07:00:00   ;    27
14.03.1991 07:00:00   ;    20
15.03.1991 07:00:00   ;    16
16.03.1991 07:00:00   ;    14
17.03.1991 07:00:00   ;     8
18.03.1991 07:00:00   ;     4
19.03.1991 07:00:00   ;     0
20.03.1991 07:00:00   ;     0
21.03.1991 07:00:00   ;     0
22.03.1991 07:00:00   ;     0
23.03.1991 07:00:00   ;     0
24.03.1991 07:00:00   ;     0
25.03.1991 07:00:00   ;     0
26.03.1991 07:00:00   ;     0
27.03.1991 07:00:00   ;     1
28.03.1991 07:00:00   ;     0
29.03.1991 07:00:00   ;     0
30.03.1991 07:00:00   ;     2
31.03.1991 07:00:00   ;     0
01.04.1991 07:00:00   ;     0
02.04.1991 07:00:00   ;     0
03.04.1991 07:00:00   ;     0
04.04.1991 07:00:00   ;     1
05.04.1991 07:00:00   ;     1
06.04.1991 07:00:00   ;     1
07.04.1991 07:00:00   ;     0
08.04.1991 07:00:00   ;     0
09.04.1991 07:00:00   ;     0
10.04.1991 07:00:00   ;     0
11.04.1991 07:00:00   ;     0
12.04.1991 07:00:00   ;     0
13.04.1991 07:00:00   ;     0
14.04.1991 07:00:00   ;     0
15.04.1991 07:00:00   ;     0
16.04.1991 07:00:00   ;     0
17.04.1991 07:00:00   ;     0
18.04.1991 07:00:00   ;    15
19.04.1991 07:00:00   ;    15
20.04.1991 07:00:00   ;    10
21.04.1991 07:00:00   ;     5
22.04.1991 07:00:00   ;    11
23.04.1991 07:00:00   ;    15
24.04.1991 07:00:00   ;     8
25.04.1991 07:00:00   ;     2
26.04.1991 07:00:00   ;     1
27.04.1991 07:00:00   ;     0
28.04.1991 07:00:00   ;     0
29.04.1991 07:00:00   ;     0
30.04.1991 07:00:00   ;     0
01.05.1991 07:00:00   ;     0
02.05.1991 07:00:00   ;     0
03.05.1991 07:00:00   ;     0
04.05.1991 07:00:00   ;    10
05.05.1991 07:00:00   ;    20
06.05.1991 07:00:00   ;    20
07.05.1991 07:00:00   ;     8
08.05.1991 07:00:00   ;     0
09.05.1991 07:00:00   ;     3
10.05.1991 07:00:00   ;     1
11.05.1991 07:00:00   ;     8
12.05.1991 07:00:00   ;    19
13.05.1991 07:00:00   ;     3
14.05.1991 07:00:00   ;     0
15.05.1991 07:00:00   ;     0
16.05.1991 07:00:00   ;     0
17.05.1991 07:00:00   ;     0
18.05.1991 07:00:00   ;     0
19.05.1991 07:00:00   ;     0
20.05.1991 07:00:00   ;     0
21.05.1991 07:00:00   ;     0
22.05.1991 07:00:00   ;     0
23.05.1991 07:00:00   ;     0
24.05.1991 07:00:00   ;     0
25.05.1991 07:00:00   ;     0
26.05.1991 07:00:00   ;     0
27.05.1991 07:00:00   ;     1
28.05.1991 07:00:00   ;     0
29.05.1991 07:00:00   ;     0
30.05.1991 07:00:00   ;     0
31.05.1991 07:00:00   ;     0
01.06.1991 07:00:00   ;     0
02.06.1991 07:00:00   ;     0
03.06.1991 07:00:00   ;     0
04.06.1991 07:00:00   ;     0
05.06.1991 07:00:00   ;     0
06.06.1991 07:00:00   ;     0
07.06.1991 07:00:00   ;     0
08.06.1991 07:00:00   ;     0
09.06.1991 07:00:00   ;     0
10.06.1991 07:00:00   ;     0
11.06.1991 07:00:00   ;     0
12.06.1991 07:00:00   ;     0
13.06.1991 07:00:00   ;     0
14.06.1991 07:00:00   ;     0
15.06.1991 07:00:00   ;     0
16.06.1991 07:00:00   ;     0
17.06.1991 07:00:00   ;     0
18.06.1991 07:00:00   ;     2
19.06.1991 07:00:00   ;     0
20.06.1991 07:00:00   ;     0
21.06.1991 07:00:00   ;     0
22.06.1991 07:00:00   ;     0
23.06.1991 07:00:00   ;     0
24.06.1991 07:00:00   ;     0
25.06.1991 07:00:00   ;     0
26.06.1991 07:00:00   ;     0
27.06.1991 07:00:00   ;     0
28.06.1991 07:00:00   ;     0
29.06.1991 07:00:00   ;     0
30.06.1991 07:00:00   ;     0
01.07.1991 07:00:00   ;     0
02.07.1991 07:00:00   ;     0
03.07.1991 07:00:00   ;     0
04.07.1991 07:00:00   ;     0
05.07.1991 07:00:00   ;     0
06.07.1991 07:00:00   ;     0
07.07.1991 07:00:00   ;     0
08.07.1991 07:00:00   ;     0
09.07.1991 07:00:00   ;     0
10.07.1991 07:00:00   ;     0
11.07.1991 07:00:00   ;     0
12.07.1991 07:00:00   ;     0
13.07.1991 07:00:00   ;     0
14.07.1991 07:00:00   ;     0
15.07.1991 07:00:00   ;     0
16.07.1991 07:00:00   ;     0
17.07.1991 07:00:00   ;     0
18.07.1991 07:00:00   ;     0
19.07.1991 07:00:00   ;     0
20.07.1991 07:00:00   ;     0
21.07.1991 07:00:00   ;     0
22.07.1991 07:00:00   ;     0
23.07.1991 07:00:00   ;     0
24.07.1991 07:00:00   ;     0
25.07.1991 07:00:00   ;     0
26.07.1991 07:00:00   ;     0
27.07.1991 07:00:00   ;     0
28.07.1991 07:00:00   ;     0
29.07.1991 07:00:00   ;     0
30.07.1991 07:00:00   ;     0
31.07.1991 07:00:00   ;     0
01.08.1991 07:00:00   ;     0
02.08.1991 07:00:00   ;     0
03.08.1991 07:00:00   ;     0
04.08.1991 07:00:00   ;     0
05.08.1991 07:00:00   ;     0
06.08.1991 07:00:00   ;     0
07.08.1991 07:00:00   ;     0
08.08.1991 07:00:00   ;     0
09.08.1991 07:00:00   ;     0
10.08.1991 07:00:00   ;     0
11.08.1991 07:00:00   ;     0
12.08.1991 07:00:00   ;     0
13.08.1991 07:00:00   ;     0
14.08.1991 07:00:00   ;     0
15.08.1991 07:00:00   ;     0
16.08.1991 07:00:00   ;     0
17.08.1991 07:00:00   ;     0
18.08.1991 07:00:00   ;     0
19.08.1991 07:00:00   ;     0
20.08.1991 07:00:00   ;     0
21.08.1991 07:00:00   ;     0
22.08.1991 07:00:00   ;     0
23.08.1991 07:00:00   ;     0
24.08.1991 07:00:00   ;     0
25.08.1991 07:00:00   ;     0
26.08.1991 07:00:00   ;     0
27.08.1991 07:00:00   ;     0
28.08.1991 07:00:00   ;     0
29.08.1991 07:00:00   ;     0
30.08.1991 07:00:00   ;     0
31.08.1991 07:00:00   ;     0
01.09.1991 07:00:00   ;     0
02.09.1991 07:00:00   ;     0
03.09.1991 07:00:00   ;     0
04.09.1991 07:00:00   ;     0
05.09.1991 07:00:00   ;     0
06.09.1991 07:00:00   ;     0
07.09.1991 07:00:00   ;     0
08.09.1991 07:00:00   ;     0
09.09.1991 07:00:00   ;     0
10.09.1991 07:00:00   ;     0
11.09.1991 07:00:00   ;     0
12.09.1991 07:00:00   ;     0
13.09.1991 07:00:00   ;     0
14.09.1991 07:00:00   ;     0
15.09.1991 07:00:00   ;     0
16.09.1991 07:00:00   ;     0
17.09.1991 07:00:00   ;     0
18.09.1991 07:00:00   ;     0
19.09.1991 07:00:00   ;     0
20.09.1991 07:00:00   ;     0
21.09.1991 07:00:00   ;     0
22.09.1991 07:00:00   ;     0
23.09.1991 07:00:00   ;     0
24.09.1991 07:00:00   ;     0
25.09.1991 07:00:00   ;     0
26.09.1991 07:00:00   ;     0
27.09.1991 07:00:00   ;     0
28.09.1991 07:00:00   ;     0
29.09.1991 07:00:00   ;     0
30.09.1991 07:00:00   ;     0
01.10.1991 07:00:00   ;     0
02.10.1991 07:00:00   ;     0
03.10.1991 07:00:00   ;     0
04.10.1991 07:00:00   ;     0
05.10.1991 07:00:00   ;     0
06.10.1991 07:00:00   ;     0
07.10.1991 07:00:00   ;     0
08.10.1991 07:00:00   ;     0
09.10.1991 07:00:00   ;     0
10.10.1991 07:00:00   ;     0
11.10.1991 07:00:00   ;     0
12.10.1991 07:00:00   ;     0
13.10.1991 07:00:00   ;     0
14.10.1991 07:00:00   ;     0
15.10.1991 07:00:00   ;     0
16.10.1991 07:00:00   ;     0
17.10.1991 07:00:00   ;     0
18.10.1991 07:00:00   ;     0
19.10.1991 07:00:00   ;     1
20.10.1991 07:00:00   ;    26
21.10.1991 07:00:00   ;     8
22.10.1991 07:00:00   ;     3
23.10.1991 07:00:00   ;     0
24.10.1991 07:00:00   ;     0
25.10.1991 07:00:00   ;     0
26.10.1991 07:00:00   ;     0
27.10.1991 07:00:00   ;     0
28.10.1991 07:00:00   ;     0
29.10.1991 07:00:00   ;     0
30.10.1991 07:00:00   ;     0
31.10.1991 07:00:00   ;     0
01.11.1991 07:00:00   ;     0
02.11.1991 07:00:00   ;     0
03.11.1991 07:00:00   ;     0
04.11.1991 07:00:00   ;     0
05.11.1991 07:00:00   ;     1
06.11.1991 07:00:00   ;     0
07.11.1991 07:00:00   ;     0
08.11.1991 07:00:00   ;     0
09.11.1991 07:00:00   ;     0
10.11.1991 07:00:00   ;     4
11.11.1991 07:00:00   ;     2
12.11.1991 07:00:00   ;     0
13.11.1991 07:00:00   ;     0
14.11.1991 07:00:00   ;     8
15.11.1991 07:00:00   ;    15
16.11.1991 07:00:00   ;    20
17.11.1991 07:00:00   ;    45
18.11.1991 07:00:00   ;    40
19.11.1991 07:00:00   ;    34
20.11.1991 07:00:00   ;    40
21.11.1991 07:00:00   ;    60
22.11.1991 07:00:00   ;    65
23.11.1991 07:00:00   ;    57
24.11.1991 07:00:00   ;    55
25.11.1991 07:00:00   ;    59
26.11.1991 07:00:00   ;    53
27.11.1991 07:00:00   ;    50
28.11.1991 07:00:00   ;    46
29.11.1991 07:00:00   ;    44
30.11.1991 07:00:00   ;    40
01.12.1991 07:00:00   ;    40
02.12.1991 07:00:00   ;    39
03.12.1991 07:00:00   ;    39
04.12.1991 07:00:00   ;    39
05.12.1991 07:00:00   ;    39
06.12.1991 07:00:00   ;    35
07.12.1991 07:00:00   ;    35
08.12.1991 07:00:00   ;    35
09.12.1991 07:00:00   ;    35
10.12.1991 07:00:00   ;    35
11.12.1991 07:00:00   ;    35
12.12.1991 07:00:00   ;    35
13.12.1991 07:00:00   ;    35
14.12.1991 07:00:00   ;    35
15.12.1991 07:00:00   ;    35
16.12.1991 07:00:00   ;    35
17.12.1991 07:00:00   ;    35
18.12.1991 07:00:00   ;    35
19.12.1991 07:00:00   ;    37
20.12.1991 07:00:00   ;    40
21.12.1991 07:00:00   ;    40
22.12.1991 07:00:00   ;    77
23.12.1991 07:00:00   ;    62
24.12.1991 07:00:00   ;    60
25.12.1991 07:00:00   ;    55
26.12.1991 07:00:00   ;    55
27.12.1991 07:00:00   ;    58
28.12.1991 07:00:00   ;    60
29.12.1991 07:00:00   ;    59
30.12.1991 07:00:00   ;    58
31.12.1991 07:00:00   ;    55
01.01.1992 07:00:00   ;    54
02.01.1992 07:00:00   ;    53
03.01.1992 07:00:00   ;    52
04.01.1992 07:00:00   ;    50
05.01.1992 07:00:00   ;    50
06.01.1992 07:00:00   ;    50
07.01.1992 07:00:00   ;    50
08.01.1992 07:00:00   ;    49
09.01.1992 07:00:00   ;    45
10.01.1992 07:00:00   ;    45
11.01.1992 07:00:00   ;    47
12.01.1992 07:00:00   ;    47
13.01.1992 07:00:00   ;    47
14.01.1992 07:00:00   ;    47
15.01.1992 07:00:00   ;    46
16.01.1992 07:00:00   ;    40
17.01.1992 07:00:00   ;    40
18.01.1992 07:00:00   ;    40
19.01.1992 07:00:00   ;    40
20.01.1992 07:00:00   ;    40
21.01.1992 07:00:00   ;    41
22.01.1992 07:00:00   ;    45
23.01.1992 07:00:00   ;    43
24.01.1992 07:00:00   ;    43
25.01.1992 07:00:00   ;    44
26.01.1992 07:00:00   ;    43
27.01.1992 07:00:00   ;    43
28.01.1992 07:00:00   ;    42
29.01.1992 07:00:00   ;    41
30.01.1992 07:00:00   ;    40
31.01.1992 07:00:00   ;    40
01.02.1992 07:00:00   ;    40
02.02.1992 07:00:00   ;    38
03.02.1992 07:00:00   ;    38
04.02.1992 07:00:00   ;    40
05.02.1992 07:00:00   ;    48
06.02.1992 07:00:00   ;    48
07.02.1992 07:00:00   ;    48
08.02.1992 07:00:00   ;    47
09.02.1992 07:00:00   ;    35
10.02.1992 07:00:00   ;    35
11.02.1992 07:00:00   ;    36
12.02.1992 07:00:00   ;    36
13.02.1992 07:00:00   ;    33
14.02.1992 07:00:00   ;    32
15.02.1992 07:00:00   ;    26
16.02.1992 07:00:00   ;    26
17.02.1992 07:00:00   ;    25
18.02.1992 07:00:00   ;    25
19.02.1992 07:00:00   ;    25
20.02.1992 07:00:00   ;    25
21.02.1992 07:00:00   ;    25
22.02.1992 07:00:00   ;    25
23.02.1992 07:00:00   ;    25
24.02.1992 07:00:00   ;    23
25.02.1992 07:00:00   ;    20
26.02.1992 07:00:00   ;    18
27.02.1992 07:00:00   ;    15
28.02.1992 07:00:00   ;    13
29.02.1992 07:00:00   ;    10
01.03.1992 07:00:00   ;    10
02.03.1992 07:00:00   ;     5
03.03.1992 07:00:00   ;     0
04.03.1992 07:00:00   ;     0
05.03.1992 07:00:00   ;     0
06.03.1992 07:00:00   ;     0
07.03.1992 07:00:00   ;     0
08.03.1992 07:00:00   ;     0
09.03.1992 07:00:00   ;     0
10.03.1992 07:00:00   ;     0
11.03.1992 07:00:00   ;     0
12.03.1992 07:00:00   ;     0
13.03.1992 07:00:00   ;     0
14.03.1992 07:00:00   ;     1
15.03.1992 07:00:00   ;    12
16.03.1992 07:00:00   ;    10
17.03.1992 07:00:00   ;     6
18.03.1992 07:00:00   ;     3
19.03.1992 07:00:00   ;     0
20.03.1992 07:00:00   ;     0
21.03.1992 07:00:00   ;     0
22.03.1992 07:00:00   ;     1
23.03.1992 07:00:00   ;     9
24.03.1992 07:00:00   ;    30
25.03.1992 07:00:00   ;    35
26.03.1992 07:00:00   ;    26
27.03.1992 07:00:00   ;    35
28.03.1992 07:00:00   ;    21
29.03.1992 07:00:00   ;    20
30.03.1992 07:00:00   ;    21
31.03.1992 07:00:00   ;    22
01.04.1992 07:00:00   ;    60
02.04.1992 07:00:00   ;    50
03.04.1992 07:00:00   ;    40
04.04.1992 07:00:00   ;    36
05.04.1992 07:00:00   ;    28
06.04.1992 07:00:00   ;    35
07.04.1992 07:00:00   ;    36
08.04.1992 07:00:00   ;    29
09.04.1992 07:00:00   ;    27
10.04.1992 07:00:00   ;    21
11.04.1992 07:00:00   ;    20
12.04.1992 07:00:00   ;    18
13.04.1992 07:00:00   ;    11
14.04.1992 07:00:00   ;    12
15.04.1992 07:00:00   ;     5
16.04.1992 07:00:00   ;    21
17.04.1992 07:00:00   ;    20
18.04.1992 07:00:00   ;     9
19.04.1992 07:00:00   ;     0
20.04.1992 07:00:00   ;     0
21.04.1992 07:00:00   ;     0
22.04.1992 07:00:00   ;     0
23.04.1992 07:00:00   ;     0
24.04.1992 07:00:00   ;     0
25.04.1992 07:00:00   ;     0
26.04.1992 07:00:00   ;     0
27.04.1992 07:00:00   ;     0
28.04.1992 07:00:00   ;     0
29.04.1992 07:00:00   ;     0
30.04.1992 07:00:00   ;    20
01.05.1992 07:00:00   ;    11
02.05.1992 07:00:00   ;     0
03.05.1992 07:00:00   ;     0
04.05.1992 07:00:00   ;     0
05.05.1992 07:00:00   ;     0
06.05.1992 07:00:00   ;     0
07.05.1992 07:00:00   ;     0
08.05.1992 07:00:00   ;     0
09.05.1992 07:00:00   ;     0
10.05.1992 07:00:00   ;     0
11.05.1992 07:00:00   ;     0
12.05.1992 07:00:00   ;     0
13.05.1992 07:00:00   ;     0
14.05.1992 07:00:00   ;     0
15.05.1992 07:00:00   ;     0
16.05.1992 07:00:00   ;     0
17.05.1992 07:00:00   ;     0
18.05.1992 07:00:00   ;     0
19.05.1992 07:00:00   ;     0
20.05.1992 07:00:00   ;     0
21.05.1992 07:00:00   ;     0
22.05.1992 07:00:00   ;     0
23.05.1992 07:00:00   ;     0
24.05.1992 07:00:00   ;     0
25.05.1992 07:00:00   ;     0
26.05.1992 07:00:00   ;     0
27.05.1992 07:00:00   ;     0
28.05.1992 07:00:00   ;     0
29.05.1992 07:00:00   ;     0
30.05.1992 07:00:00   ;     0
31.05.1992 07:00:00   ;     0
01.06.1992 07:00:00   ;     0
02.06.1992 07:00:00   ;     0
03.06.1992 07:00:00   ;     0
04.06.1992 07:00:00   ;     0
05.06.1992 07:00:00   ;     0
06.06.1992 07:00:00   ;     0
07.06.1992 07:00:00   ;     0
08.06.1992 07:00:00   ;     0
09.06.1992 07:00:00   ;     0
10.06.1992 07:00:00   ;     0
11.06.1992 07:00:00   ;     0
12.06.1992 07:00:00   ;     0
13.06.1992 07:00:00   ;     0
14.06.1992 07:00:00   ;     0
15.06.1992 07:00:00   ;     0
16.06.1992 07:00:00   ;     0
17.06.1992 07:00:00   ;     0
18.06.1992 07:00:00   ;     0
19.06.1992 07:00:00   ;     0
20.06.1992 07:00:00   ;     0
21.06.1992 07:00:00   ;     0
22.06.1992 07:00:00   ;     0
23.06.1992 07:00:00   ;     0
24.06.1992 07:00:00   ;     0
25.06.1992 07:00:00   ;     0
26.06.1992 07:00:00   ;     0
27.06.1992 07:00:00   ;     0
28.06.1992 07:00:00   ;     0
29.06.1992 07:00:00   ;     0
30.06.1992 07:00:00   ;     0
01.07.1992 07:00:00   ;     0
02.07.1992 07:00:00   ;     0
03.07.1992 07:00:00   ;     0
04.07.1992 07:00:00   ;     0
05.07.1992 07:00:00   ;     0
06.07.1992 07:00:00   ;     0
07.07.1992 07:00:00   ;     0
08.07.1992 07:00:00   ;     0
09.07.1992 07:00:00   ;     0
10.07.1992 07:00:00   ;     0
11.07.1992 07:00:00   ;     0
12.07.1992 07:00:00   ;     0
13.07.1992 07:00:00   ;     0
14.07.1992 07:00:00   ;     0
15.07.1992 07:00:00   ;     0
16.07.1992 07:00:00   ;     0
17.07.1992 07:00:00   ;     0
18.07.1992 07:00:00   ;     0
19.07.1992 07:00:00   ;     0
20.07.1992 07:00:00   ;     0
21.07.1992 07:00:00   ;     0
22.07.1992 07:00:00   ;     0
23.07.1992 07:00:00   ;     0
24.07.1992 07:00:00   ;     0
25.07.1992 07:00:00   ;     0
26.07.1992 07:00:00   ;     0
27.07.1992 07:00:00   ;     0
28.07.1992 07:00:00   ;     0
29.07.1992 07:00:00   ;     0
30.07.1992 07:00:00   ;     0
31.07.1992 07:00:00   ;     0
01.08.1992 07:00:00   ;     0
02.08.1992 07:00:00   ;     0
03.08.1992 07:00:00   ;     0
04.08.1992 07:00:00   ;     0
05.08.1992 07:00:00   ;     0
06.08.1992 07:00:00   ;     0
07.08.1992 07:00:00   ;     0
08.08.1992 07:00:00   ;     0
09.08.1992 07:00:00   ;     0
10.08.1992 07:00:00   ;     0
11.08.1992 07:00:00   ;     0
12.08.1992 07:00:00   ;     0
13.08.1992 07:00:00   ;     0
14.08.1992 07:00:00   ;     0
15.08.1992 07:00:00   ;     0
16.08.1992 07:00:00   ;     0
17.08.1992 07:00:00   ;     0
18.08.1992 07:00:00   ;     0
19.08.1992 07:00:00   ;     0
20.08.1992 07:00:00   ;     0
21.08.1992 07:00:00   ;     0
22.08.1992 07:00:00   ;     0
23.08.1992 07:00:00   ;     0
24.08.1992 07:00:00   ;     0
25.08.1992 07:00:00   ;     0
26.08.1992 07:00:00   ;     0
27.08.1992 07:00:00   ;     0
28.08.1992 07:00:00   ;     0
29.08.1992 07:00:00   ;     0
30.08.1992 07:00:00   ;     0
31.08.1992 07:00:00   ;     0
01.09.1992 07:00:00   ;     0
02.09.1992 07:00:00   ;     0
03.09.1992 07:00:00   ;     0
04.09.1992 07:00:00   ;     0
05.09.1992 07:00:00   ;     0
06.09.1992 07:00:00   ;     0
07.09.1992 07:00:00   ;     0
08.09.1992 07:00:00   ;     0
09.09.1992 07:00:00   ;     0
10.09.1992 07:00:00   ;     0
11.09.1992 07:00:00   ;     0
12.09.1992 07:00:00   ;     0
13.09.1992 07:00:00   ;     0
14.09.1992 07:00:00   ;     0
15.09.1992 07:00:00   ;     0
16.09.1992 07:00:00   ;     0
17.09.1992 07:00:00   ;     0
18.09.1992 07:00:00   ;     0
19.09.1992 07:00:00   ;     0
20.09.1992 07:00:00   ;     0
21.09.1992 07:00:00   ;     0
22.09.1992 07:00:00   ;     0
23.09.1992 07:00:00   ;     0
24.09.1992 07:00:00   ;     0
25.09.1992 07:00:00   ;     0
26.09.1992 07:00:00   ;     0
27.09.1992 07:00:00   ;     0
28.09.1992 07:00:00   ;     0
29.09.1992 07:00:00   ;     0
30.09.1992 07:00:00   ;     0
01.10.1992 07:00:00   ;     0
02.10.1992 07:00:00   ;     0
03.10.1992 07:00:00   ;     0
04.10.1992 07:00:00   ;     0
05.10.1992 07:00:00   ;     0
06.10.1992 07:00:00   ;     0
07.10.1992 07:00:00   ;     0
08.10.1992 07:00:00   ;     0
09.10.1992 07:00:00   ;     0
10.10.1992 07:00:00   ;     0
11.10.1992 07:00:00   ;     0
12.10.1992 07:00:00   ;     0
13.10.1992 07:00:00   ;     0
14.10.1992 07:00:00   ;     0
15.10.1992 07:00:00   ;     0
16.10.1992 07:00:00   ;     0
17.10.1992 07:00:00   ;     0
18.10.1992 07:00:00   ;     3
19.10.1992 07:00:00   ;    25
20.10.1992 07:00:00   ;    16
21.10.1992 07:00:00   ;     8
22.10.1992 07:00:00   ;    15
23.10.1992 07:00:00   ;     7
24.10.1992 07:00:00   ;     5
25.10.1992 07:00:00   ;     5
26.10.1992 07:00:00   ;     5
27.10.1992 07:00:00   ;     3
28.10.1992 07:00:00   ;     2
29.10.1992 07:00:00   ;     0
30.10.1992 07:00:00   ;     2
31.10.1992 07:00:00   ;     0
01.11.1992 07:00:00   ;     0
02.11.1992 07:00:00   ;     0
03.11.1992 07:00:00   ;     0
04.11.1992 07:00:00   ;     0
05.11.1992 07:00:00   ;     0
06.11.1992 07:00:00   ;     0
07.11.1992 07:00:00   ;     0
08.11.1992 07:00:00   ;     0
09.11.1992 07:00:00   ;     0
10.11.1992 07:00:00   ;     0
11.11.1992 07:00:00   ;     0
12.11.1992 07:00:00   ;     0
13.11.1992 07:00:00   ;     0
14.11.1992 07:00:00   ;     1
15.11.1992 07:00:00   ;     0
16.11.1992 07:00:00   ;     0
17.11.1992 07:00:00   ;     0
18.11.1992 07:00:00   ;    20
19.11.1992 07:00:00   ;    19
20.11.1992 07:00:00   ;    13
21.11.1992 07:00:00   ;    12
22.11.1992 07:00:00   ;    15
23.11.1992 07:00:00   ;     5
24.11.1992 07:00:00   ;     0
25.11.1992 07:00:00   ;     0
26.11.1992 07:00:00   ;     0
27.11.1992 07:00:00   ;     0
28.11.1992 07:00:00   ;     0
29.11.1992 07:00:00   ;     0
30.11.1992 07:00:00   ;     0
01.12.1992 07:00:00   ;     0
02.12.1992 07:00:00   ;     0
03.12.1992 07:00:00   ;     0
04.12.1992 07:00:00   ;    13
05.12.1992 07:00:00   ;    25
06.12.1992 07:00:00   ;    50
07.12.1992 07:00:00   ;    45
08.12.1992 07:00:00   ;    50
09.12.1992 07:00:00   ;    70
10.12.1992 07:00:00   ;    66
11.12.1992 07:00:00   ;    62
12.12.1992 07:00:00   ;    58
13.12.1992 07:00:00   ;    50
14.12.1992 07:00:00   ;    49
15.12.1992 07:00:00   ;    45
16.12.1992 07:00:00   ;    44
17.12.1992 07:00:00   ;    42
18.12.1992 07:00:00   ;    42
19.12.1992 07:00:00   ;    42
20.12.1992 07:00:00   ;    40
21.12.1992 07:00:00   ;    38
22.12.1992 07:00:00   ;    38
23.12.1992 07:00:00   ;    36
24.12.1992 07:00:00   ;    36
25.12.1992 07:00:00   ;    36
26.12.1992 07:00:00   ;    36
27.12.1992 07:00:00   ;    36
28.12.1992 07:00:00   ;    36
29.12.1992 07:00:00   ;    36
30.12.1992 07:00:00   ;    36
31.12.1992 07:00:00   ;    36
01.01.1993 07:00:00   ;    36
02.01.1993 07:00:00   ;    36
03.01.1993 07:00:00   ;    36
04.01.1993 07:00:00   ;    36
05.01.1993 07:00:00   ;    36
06.01.1993 07:00:00   ;    36
07.01.1993 07:00:00   ;    36
08.01.1993 07:00:00   ;    34
09.01.1993 07:00:00   ;    30
10.01.1993 07:00:00   ;    29
11.01.1993 07:00:00   ;    28
12.01.1993 07:00:00   ;    28
13.01.1993 07:00:00   ;    26
14.01.1993 07:00:00   ;    26
15.01.1993 07:00:00   ;    26
16.01.1993 07:00:00   ;    25
17.01.1993 07:00:00   ;    25
18.01.1993 07:00:00   ;    22
19.01.1993 07:00:00   ;    22
20.01.1993 07:00:00   ;    21
21.01.1993 07:00:00   ;    21
22.01.1993 07:00:00   ;    21
23.01.1993 07:00:00   ;    20
24.01.1993 07:00:00   ;    19
25.01.1993 07:00:00   ;    19
26.01.1993 07:00:00   ;    18
27.01.1993 07:00:00   ;    21
28.01.1993 07:00:00   ;    19
29.01.1993 07:00:00   ;    19
30.01.1993 07:00:00   ;    19
31.01.1993 07:00:00   ;    15
01.02.1993 07:00:00   ;    15
02.02.1993 07:00:00   ;    15
03.02.1993 07:00:00   ;    15
04.02.1993 07:00:00   ;    12
05.02.1993 07:00:00   ;    12
06.02.1993 07:00:00   ;    10
07.02.1993 07:00:00   ;    10
08.02.1993 07:00:00   ;     9
09.02.1993 07:00:00   ;     5
10.02.1993 07:00:00   ;     3
11.02.1993 07:00:00   ;     3
12.02.1993 07:00:00   ;     3
13.02.1993 07:00:00   ;     3
14.02.1993 07:00:00   ;     0
15.02.1993 07:00:00   ;     0
16.02.1993 07:00:00   ;     0
17.02.1993 07:00:00   ;     0
18.02.1993 07:00:00   ;     0
19.02.1993 07:00:00   ;     0
20.02.1993 07:00:00   ;     4
21.02.1993 07:00:00   ;     6
22.02.1993 07:00:00   ;     5
23.02.1993 07:00:00   ;     4
24.02.1993 07:00:00   ;     3
25.02.1993 07:00:00   ;     2
26.02.1993 07:00:00   ;     1
27.02.1993 07:00:00   ;     0
28.02.1993 07:00:00   ;     0
01.03.1993 07:00:00   ;    15
02.03.1993 07:00:00   ;    24
03.03.1993 07:00:00   ;    24
04.03.1993 07:00:00   ;    16
05.03.1993 07:00:00   ;    16
06.03.1993 07:00:00   ;    15
07.03.1993 07:00:00   ;    15
08.03.1993 07:00:00   ;    15
09.03.1993 07:00:00   ;    13
10.03.1993 07:00:00   ;    10
11.03.1993 07:00:00   ;     6
12.03.1993 07:00:00   ;     2
13.03.1993 07:00:00   ;     0
14.03.1993 07:00:00   ;     0
15.03.1993 07:00:00   ;     0
16.03.1993 07:00:00   ;     0
17.03.1993 07:00:00   ;     0
18.03.1993 07:00:00   ;     0
19.03.1993 07:00:00   ;     0
20.03.1993 07:00:00   ;     0
21.03.1993 07:00:00   ;     0
22.03.1993 07:00:00   ;     0
23.03.1993 07:00:00   ;     0
24.03.1993 07:00:00   ;     1
25.03.1993 07:00:00   ;    20
26.03.1993 07:00:00   ;    20
27.03.1993 07:00:00   ;    19
28.03.1993 07:00:00   ;    17
29.03.1993 07:00:00   ;    15
30.03.1993 07:00:00   ;    14
31.03.1993 07:00:00   ;    11
01.04.1993 07:00:00   ;     5
02.04.1993 07:00:00   ;     0
03.04.1993 07:00:00   ;     4
04.04.1993 07:00:00   ;     1
05.04.1993 07:00:00   ;     2
06.04.1993 07:00:00   ;     0
07.04.1993 07:00:00   ;     5
08.04.1993 07:00:00   ;     0
09.04.1993 07:00:00   ;     0
10.04.1993 07:00:00   ;     0
11.04.1993 07:00:00   ;     1
12.04.1993 07:00:00   ;     3
13.04.1993 07:00:00   ;    27
14.04.1993 07:00:00   ;    15
15.04.1993 07:00:00   ;    10
16.04.1993 07:00:00   ;     0
17.04.1993 07:00:00   ;     0
18.04.1993 07:00:00   ;     0
19.04.1993 07:00:00   ;     0
20.04.1993 07:00:00   ;     0
21.04.1993 07:00:00   ;     0
22.04.1993 07:00:00   ;     0
23.04.1993 07:00:00   ;     0
24.04.1993 07:00:00   ;     0
25.04.1993 07:00:00   ;     0
26.04.1993 07:00:00   ;     0
27.04.1993 07:00:00   ;     0
28.04.1993 07:00:00   ;     0
29.04.1993 07:00:00   ;     0
30.04.1993 07:00:00   ;     0
01.05.1993 07:00:00   ;     0
02.05.1993 07:00:00   ;     0
03.05.1993 07:00:00   ;     0
04.05.1993 07:00:00   ;     0
05.05.1993 07:00:00   ;     0
06.05.1993 07:00:00   ;     0
07.05.1993 07:00:00   ;     0
08.05.1993 07:00:00   ;     0
09.05.1993 07:00:00   ;     0
10.05.1993 07:00:00   ;     0
11.05.1993 07:00:00   ;     0
12.05.1993 07:00:00   ;     0
13.05.1993 07:00:00   ;     0
14.05.1993 07:00:00   ;     0
15.05.1993 07:00:00   ;     0
16.05.1993 07:00:00   ;     0
17.05.1993 07:00:00   ;     0
18.05.1993 07:00:00   ;     0
19.05.1993 07:00:00   ;     0
20.05.1993 07:00:00   ;     0
21.05.1993 07:00:00   ;     0
22.05.1993 07:00:00   ;     0
23.05.1993 07:00:00   ;     0
24.05.1993 07:00:00   ;     0
25.05.1993 07:00:00   ;     0
26.05.1993 07:00:00   ;     0
27.05.1993 07:00:00   ;     0
28.05.1993 07:00:00   ;     0
29.05.1993 07:00:00   ;     0
30.05.1993 07:00:00   ;     0
31.05.1993 07:00:00   ;     0
01.06.1993 07:00:00   ;     0
02.06.1993 07:00:00   ;     0
03.06.1993 07:00:00   ;     0
04.06.1993 07:00:00   ;     0
05.06.1993 07:00:00   ;     0
06.06.1993 07:00:00   ;     0
07.06.1993 07:00:00   ;     0
08.06.1993 07:00:00   ;     0
09.06.1993 07:00:00   ;     0
10.06.1993 07:00:00   ;     0
11.06.1993 07:00:00   ;     0
12.06.1993 07:00:00   ;     0
13.06.1993 07:00:00   ;     0
14.06.1993 07:00:00   ;     0
15.06.1993 07:00:00   ;     0
16.06.1993 07:00:00   ;     0
17.06.1993 07:00:00   ;     0
18.06.1993 07:00:00   ;     0
19.06.1993 07:00:00   ;     0
20.06.1993 07:00:00   ;     0
21.06.1993 07:00:00   ;     0
22.06.1993 07:00:00   ;     0
23.06.1993 07:00:00   ;     0
24.06.1993 07:00:00   ;     0
25.06.1993 07:00:00   ;     0
26.06.1993 07:00:00   ;     0
27.06.1993 07:00:00   ;     0
28.06.1993 07:00:00   ;     0
29.06.1993 07:00:00   ;     0
30.06.1993 07:00:00   ;     0
01.07.1993 07:00:00   ;     0
02.07.1993 07:00:00   ;     0
03.07.1993 07:00:00   ;     0
04.07.1993 07:00:00   ;     0
05.07.1993 07:00:00   ;     0
06.07.1993 07:00:00   ;     0
07.07.1993 07:00:00   ;     0
08.07.1993 07:00:00   ;     0
09.07.1993 07:00:00   ;     0
10.07.1993 07:00:00   ;     0
11.07.1993 07:00:00   ;     0
12.07.1993 07:00:00   ;     0
13.07.1993 07:00:00   ;     0
14.07.1993 07:00:00   ;     0
15.07.1993 07:00:00   ;     0
16.07.1993 07:00:00   ;     0
17.07.1993 07:00:00   ;     0
18.07.1993 07:00:00   ;     0
19.07.1993 07:00:00   ;     0
20.07.1993 07:00:00   ;     0
21.07.1993 07:00:00   ;     0
22.07.1993 07:00:00   ;     0
23.07.1993 07:00:00   ;     0
24.07.1993 07:00:00   ;     0
25.07.1993 07:00:00   ;     0
26.07.1993 07:00:00   ;     0
27.07.1993 07:00:00   ;     0
28.07.1993 07:00:00   ;     0
29.07.1993 07:00:00   ;     0
30.07.1993 07:00:00   ;     0
31.07.1993 07:00:00   ;     0
01.08.1993 07:00:00   ;     0
02.08.1993 07:00:00   ;     0
03.08.1993 07:00:00   ;     0
04.08.1993 07:00:00   ;     0
05.08.1993 07:00:00   ;     0
06.08.1993 07:00:00   ;     0
07.08.1993 07:00:00   ;     0
08.08.1993 07:00:00   ;     0
09.08.1993 07:00:00   ;     0
10.08.1993 07:00:00   ;     0
11.08.1993 07:00:00   ;     0
12.08.1993 07:00:00   ;     0
13.08.1993 07:00:00   ;     0
14.08.1993 07:00:00   ;     0
15.08.1993 07:00:00   ;     0
16.08.1993 07:00:00   ;     0
17.08.1993 07:00:00   ;     0
18.08.1993 07:00:00   ;     0
19.08.1993 07:00:00   ;     0
20.08.1993 07:00:00   ;     0
21.08.1993 07:00:00   ;     0
22.08.1993 07:00:00   ;     0
23.08.1993 07:00:00   ;     0
24.08.1993 07:00:00   ;     0
25.08.1993 07:00:00   ;     0
26.08.1993 07:00:00   ;     0
27.08.1993 07:00:00   ;     0
28.08.1993 07:00:00   ;     0
29.08.1993 07:00:00   ;     0
30.08.1993 07:00:00   ;     0
31.08.1993 07:00:00   ;     0
01.09.1993 07:00:00   ;     0
02.09.1993 07:00:00   ;     0
03.09.1993 07:00:00   ;     0
04.09.1993 07:00:00   ;     0
05.09.1993 07:00:00   ;     0
06.09.1993 07:00:00   ;     0
07.09.1993 07:00:00   ;     0
08.09.1993 07:00:00   ;     0
09.09.1993 07:00:00   ;     0
10.09.1993 07:00:00   ;     0
11.09.1993 07:00:00   ;     0
12.09.1993 07:00:00   ;     0
13.09.1993 07:00:00   ;     0
14.09.1993 07:00:00   ;     0
15.09.1993 07:00:00   ;     0
16.09.1993 07:00:00   ;     0
17.09.1993 07:00:00   ;     0
18.09.1993 07:00:00   ;     0
19.09.1993 07:00:00   ;     0
20.09.1993 07:00:00   ;     0
21.09.1993 07:00:00   ;     0
22.09.1993 07:00:00   ;     0
23.09.1993 07:00:00   ;     0
24.09.1993 07:00:00   ;     0
25.09.1993 07:00:00   ;     0
26.09.1993 07:00:00   ;     0
27.09.1993 07:00:00   ;     0
28.09.1993 07:00:00   ;     0
29.09.1993 07:00:00   ;     0
30.09.1993 07:00:00   ;     0
01.10.1993 07:00:00   ;     0
02.10.1993 07:00:00   ;     0
03.10.1993 07:00:00   ;     0
04.10.1993 07:00:00   ;     0
05.10.1993 07:00:00   ;     0
06.10.1993 07:00:00   ;     0
07.10.1993 07:00:00   ;     0
08.10.1993 07:00:00   ;     0
09.10.1993 07:00:00   ;     0
10.10.1993 07:00:00   ;     0
11.10.1993 07:00:00   ;     0
12.10.1993 07:00:00   ;     0
13.10.1993 07:00:00   ;     0
14.10.1993 07:00:00   ;     0
15.10.1993 07:00:00   ;     0
16.10.1993 07:00:00   ;     0
17.10.1993 07:00:00   ;     0
18.10.1993 07:00:00   ;     0
19.10.1993 07:00:00   ;     0
20.10.1993 07:00:00   ;     0
21.10.1993 07:00:00   ;     0
22.10.1993 07:00:00   ;    35
23.10.1993 07:00:00   ;    39
24.10.1993 07:00:00   ;    25
25.10.1993 07:00:00   ;    24
26.10.1993 07:00:00   ;    18
27.10.1993 07:00:00   ;    15
28.10.1993 07:00:00   ;    11
29.10.1993 07:00:00   ;    10
30.10.1993 07:00:00   ;     5
31.10.1993 07:00:00   ;     2
01.11.1993 07:00:00   ;     0
02.11.1993 07:00:00   ;     0
03.11.1993 07:00:00   ;     0
04.11.1993 07:00:00   ;     0
05.11.1993 07:00:00   ;     0
06.11.1993 07:00:00   ;     0
07.11.1993 07:00:00   ;     0
08.11.1993 07:00:00   ;     0
09.11.1993 07:00:00   ;     0
10.11.1993 07:00:00   ;     0
11.11.1993 07:00:00   ;     0
12.11.1993 07:00:00   ;     1
13.11.1993 07:00:00   ;    13
14.11.1993 07:00:00   ;    13
15.11.1993 07:00:00   ;    10
16.11.1993 07:00:00   ;     5
17.11.1993 07:00:00   ;     2
18.11.1993 07:00:00   ;     2
19.11.1993 07:00:00   ;     0
20.11.1993 07:00:00   ;     0
21.11.1993 07:00:00   ;     1
22.11.1993 07:00:00   ;     0
23.11.1993 07:00:00   ;     1
24.11.1993 07:00:00   ;     0
25.11.1993 07:00:00   ;     0
26.11.1993 07:00:00   ;     0
27.11.1993 07:00:00   ;     0
28.11.1993 07:00:00   ;     1
29.11.1993 07:00:00   ;     0
30.11.1993 07:00:00   ;     1
01.12.1993 07:00:00   ;     0
02.12.1993 07:00:00   ;     0
03.12.1993 07:00:00   ;     0
04.12.1993 07:00:00   ;     0
05.12.1993 07:00:00   ;     0
06.12.1993 07:00:00   ;     0
07.12.1993 07:00:00   ;     0
08.12.1993 07:00:00   ;     1
09.12.1993 07:00:00   ;     1
10.12.1993 07:00:00   ;     0
11.12.1993 07:00:00   ;     4
12.12.1993 07:00:00   ;    14
13.12.1993 07:00:00   ;    10
14.12.1993 07:00:00   ;    13
15.12.1993 07:00:00   ;    24
16.12.1993 07:00:00   ;    27
17.12.1993 07:00:00   ;    27
18.12.1993 07:00:00   ;    22
19.12.1993 07:00:00   ;    20
20.12.1993 07:00:00   ;    19
21.12.1993 07:00:00   ;    15
22.12.1993 07:00:00   ;    16
23.12.1993 07:00:00   ;    15
24.12.1993 07:00:00   ;    15
25.12.1993 07:00:00   ;    37
26.12.1993 07:00:00   ;    31
27.12.1993 07:00:00   ;    30
28.12.1993 07:00:00   ;    29
29.12.1993 07:00:00   ;    28
30.12.1993 07:00:00   ;    26
31.12.1993 07:00:00   ;    26
01.01.1994 07:00:00   ;    40
02.01.1994 07:00:00   ;    40
03.01.1994 07:00:00   ;    37
04.01.1994 07:00:00   ;    35
05.01.1994 07:00:00   ;    47
06.01.1994 07:00:00   ;    45
07.01.1994 07:00:00   ;    45
08.01.1994 07:00:00   ;    45
09.01.1994 07:00:00   ;    41
10.01.1994 07:00:00   ;    40
11.01.1994 07:00:00   ;    40
12.01.1994 07:00:00   ;    39
13.01.1994 07:00:00   ;    39
14.01.1994 07:00:00   ;    39
15.01.1994 07:00:00   ;    42
16.01.1994 07:00:00   ;    40
17.01.1994 07:00:00   ;    39
18.01.1994 07:00:00   ;    39
19.01.1994 07:00:00   ;    39
20.01.1994 07:00:00   ;    39
21.01.1994 07:00:00   ;    38
22.01.1994 07:00:00   ;    38
23.01.1994 07:00:00   ;    38
24.01.1994 07:00:00   ;    37
25.01.1994 07:00:00   ;    36
26.01.1994 07:00:00   ;    35
27.01.1994 07:00:00   ;    37
28.01.1994 07:00:00   ;    36
29.01.1994 07:00:00   ;    35
30.01.1994 07:00:00   ;    35
31.01.1994 07:00:00   ;    35
01.02.1994 07:00:00   ;    34
02.02.1994 07:00:00   ;    34
03.02.1994 07:00:00   ;    32
04.02.1994 07:00:00   ;    32
05.02.1994 07:00:00   ;    30
06.02.1994 07:00:00   ;    31
07.02.1994 07:00:00   ;    45
08.02.1994 07:00:00   ;    37
09.02.1994 07:00:00   ;    44
10.02.1994 07:00:00   ;    40
11.02.1994 07:00:00   ;    40
12.02.1994 07:00:00   ;    40
13.02.1994 07:00:00   ;    40
14.02.1994 07:00:00   ;    41
15.02.1994 07:00:00   ;    41
16.02.1994 07:00:00   ;    42
17.02.1994 07:00:00   ;    45
18.02.1994 07:00:00   ;    44
19.02.1994 07:00:00   ;    43
20.02.1994 07:00:00   ;    40
21.02.1994 07:00:00   ;    40
22.02.1994 07:00:00   ;    40
23.02.1994 07:00:00   ;    40
24.02.1994 07:00:00   ;    40
25.02.1994 07:00:00   ;    40
26.02.1994 07:00:00   ;    40
27.02.1994 07:00:00   ;    39
28.02.1994 07:00:00   ;    37
01.03.1994 07:00:00   ;    37
02.03.1994 07:00:00   ;    38
03.03.1994 07:00:00   ;    36
04.03.1994 07:00:00   ;    33
05.03.1994 07:00:00   ;    31
06.03.1994 07:00:00   ;    28
07.03.1994 07:00:00   ;    22
08.03.1994 07:00:00   ;    20
09.03.1994 07:00:00   ;    16
10.03.1994 07:00:00   ;    10
11.03.1994 07:00:00   ;     0
12.03.1994 07:00:00   ;     0
13.03.1994 07:00:00   ;     0
14.03.1994 07:00:00   ;     0
15.03.1994 07:00:00   ;     0
16.03.1994 07:00:00   ;     0
17.03.1994 07:00:00   ;     0
18.03.1994 07:00:00   ;     0
19.03.1994 07:00:00   ;     0
20.03.1994 07:00:00   ;     0
21.03.1994 07:00:00   ;     0
22.03.1994 07:00:00   ;     0
23.03.1994 07:00:00   ;     0
24.03.1994 07:00:00   ;     0
25.03.1994 07:00:00   ;     0
26.03.1994 07:00:00   ;     0
27.03.1994 07:00:00   ;     0
28.03.1994 07:00:00   ;     0
29.03.1994 07:00:00   ;     0
30.03.1994 07:00:00   ;     0
31.03.1994 07:00:00   ;     0
01.04.1994 07:00:00   ;     0
02.04.1994 07:00:00   ;    30
03.04.1994 07:00:00   ;    20
04.04.1994 07:00:00   ;    20
05.04.1994 07:00:00   ;    25
06.04.1994 07:00:00   ;    18
07.04.1994 07:00:00   ;    14
08.04.1994 07:00:00   ;     8
09.04.1994 07:00:00   ;     0
10.04.1994 07:00:00   ;    15
11.04.1994 07:00:00   ;     9
12.04.1994 07:00:00   ;     5
13.04.1994 07:00:00   ;    15
14.04.1994 07:00:00   ;    13
15.04.1994 07:00:00   ;    10
16.04.1994 07:00:00   ;     5
17.04.1994 07:00:00   ;    15
18.04.1994 07:00:00   ;     0
19.04.1994 07:00:00   ;     1
20.04.1994 07:00:00   ;     0
21.04.1994 07:00:00   ;     0
22.04.1994 07:00:00   ;     0
23.04.1994 07:00:00   ;     0
24.04.1994 07:00:00   ;     0
25.04.1994 07:00:00   ;     0
26.04.1994 07:00:00   ;     0
27.04.1994 07:00:00   ;     0
28.04.1994 07:00:00   ;     0
29.04.1994 07:00:00   ;     0
30.04.1994 07:00:00   ;     0
01.05.1994 07:00:00   ;     0
02.05.1994 07:00:00   ;     0
03.05.1994 07:00:00   ;     0
04.05.1994 07:00:00   ;     0
05.05.1994 07:00:00   ;     0
06.05.1994 07:00:00   ;     0
07.05.1994 07:00:00   ;     0
08.05.1994 07:00:00   ;     0
09.05.1994 07:00:00   ;     0
10.05.1994 07:00:00   ;     0
11.05.1994 07:00:00   ;     0
12.05.1994 07:00:00   ;     0
13.05.1994 07:00:00   ;     0
14.05.1994 07:00:00   ;     0
15.05.1994 07:00:00   ;     0
16.05.1994 07:00:00   ;     0
17.05.1994 07:00:00   ;     0
18.05.1994 07:00:00   ;     0
19.05.1994 07:00:00   ;     0
20.05.1994 07:00:00   ;     0
21.05.1994 07:00:00   ;     0
22.05.1994 07:00:00   ;     0
23.05.1994 07:00:00   ;     0
24.05.1994 07:00:00   ;     0
25.05.1994 07:00:00   ;     0
26.05.1994 07:00:00   ;     0
27.05.1994 07:00:00   ;     0
28.05.1994 07:00:00   ;     0
29.05.1994 07:00:00   ;     0
30.05.1994 07:00:00   ;     0
31.05.1994 07:00:00   ;     0
01.06.1994 07:00:00   ;     0
02.06.1994 07:00:00   ;     0
03.06.1994 07:00:00   ;     0
04.06.1994 07:00:00   ;     0
05.06.1994 07:00:00   ;     0
06.06.1994 07:00:00   ;     0
07.06.1994 07:00:00   ;     0
08.06.1994 07:00:00   ;     0
09.06.1994 07:00:00   ;     0
10.06.1994 07:00:00   ;     2
11.06.1994 07:00:00   ;     0
12.06.1994 07:00:00   ;     0
13.06.1994 07:00:00   ;     0
14.06.1994 07:00:00   ;     0
15.06.1994 07:00:00   ;     0
16.06.1994 07:00:00   ;     0
17.06.1994 07:00:00   ;     0
18.06.1994 07:00:00   ;     0
19.06.1994 07:00:00   ;     0
20.06.1994 07:00:00   ;     0
21.06.1994 07:00:00   ;     0
22.06.1994 07:00:00   ;     0
23.06.1994 07:00:00   ;     0
24.06.1994 07:00:00   ;     0
25.06.1994 07:00:00   ;     0
26.06.1994 07:00:00   ;     0
27.06.1994 07:00:00   ;     0
28.06.1994 07:00:00   ;     0
29.06.1994 07:00:00   ;     0
30.06.1994 07:00:00   ;     0
01.07.1994 07:00:00   ;     0
02.07.1994 07:00:00   ;     0
03.07.1994 07:00:00   ;     0
04.07.1994 07:00:00   ;     0
05.07.1994 07:00:00   ;     0
06.07.1994 07:00:00   ;     0
07.07.1994 07:00:00   ;     0
08.07.1994 07:00:00   ;     0
09.07.1994 07:00:00   ;     0
10.07.1994 07:00:00   ;     0
11.07.1994 07:00:00   ;     0
12.07.1994 07:00:00   ;     0
13.07.1994 07:00:00   ;     0
14.07.1994 07:00:00   ;     0
15.07.1994 07:00:00   ;     0
16.07.1994 07:00:00   ;     0
17.07.1994 07:00:00   ;     0
18.07.1994 07:00:00   ;     0
19.07.1994 07:00:00   ;     0
20.07.1994 07:00:00   ;     0
21.07.1994 07:00:00   ;     0
22.07.1994 07:00:00   ;     0
23.07.1994 07:00:00   ;     0
24.07.1994 07:00:00   ;     0
25.07.1994 07:00:00   ;     0
26.07.1994 07:00:00   ;     0
27.07.1994 07:00:00   ;     0
28.07.1994 07:00:00   ;     0
29.07.1994 07:00:00   ;     0
30.07.1994 07:00:00   ;     0
31.07.1994 07:00:00   ;     0
01.08.1994 07:00:00   ;     0
02.08.1994 07:00:00   ;     0
03.08.1994 07:00:00   ;     0
04.08.1994 07:00:00   ;     0
05.08.1994 07:00:00   ;     0
06.08.1994 07:00:00   ;     0
07.08.1994 07:00:00   ;     0
08.08.1994 07:00:00   ;     0
09.08.1994 07:00:00   ;     0
10.08.1994 07:00:00   ;     0
11.08.1994 07:00:00   ;     0
12.08.1994 07:00:00   ;     0
13.08.1994 07:00:00   ;     0
14.08.1994 07:00:00   ;     0
15.08.1994 07:00:00   ;     0
16.08.1994 07:00:00   ;     0
17.08.1994 07:00:00   ;     0
18.08.1994 07:00:00   ;     0
19.08.1994 07:00:00   ;     0
20.08.1994 07:00:00   ;     0
21.08.1994 07:00:00   ;     0
22.08.1994 07:00:00   ;     0
23.08.1994 07:00:00   ;     0
24.08.1994 07:00:00   ;     0
25.08.1994 07:00:00   ;     0
26.08.1994 07:00:00   ;     0
27.08.1994 07:00:00   ;     0
28.08.1994 07:00:00   ;     0
29.08.1994 07:00:00   ;     0
30.08.1994 07:00:00   ;     0
31.08.1994 07:00:00   ;     0
01.09.1994 07:00:00   ;     0
02.09.1994 07:00:00   ;     0
03.09.1994 07:00:00   ;     0
04.09.1994 07:00:00   ;     0
05.09.1994 07:00:00   ;     0
06.09.1994 07:00:00   ;     0
07.09.1994 07:00:00   ;     0
08.09.1994 07:00:00   ;     0
09.09.1994 07:00:00   ;     0
10.09.1994 07:00:00   ;     0
11.09.1994 07:00:00   ;     0
12.09.1994 07:00:00   ;     0
13.09.1994 07:00:00   ;     0
14.09.1994 07:00:00   ;     0
15.09.1994 07:00:00   ;     0
16.09.1994 07:00:00   ;     0
17.09.1994 07:00:00   ;     0
18.09.1994 07:00:00   ;     0
19.09.1994 07:00:00   ;     0
20.09.1994 07:00:00   ;     0
21.09.1994 07:00:00   ;     0
22.09.1994 07:00:00   ;     0
23.09.1994 07:00:00   ;     0
24.09.1994 07:00:00   ;     0
25.09.1994 07:00:00   ;     0
26.09.1994 07:00:00   ;     0
27.09.1994 07:00:00   ;     0
28.09.1994 07:00:00   ;     0
29.09.1994 07:00:00   ;     0
30.09.1994 07:00:00   ;     0
01.10.1994 07:00:00   ;     0
02.10.1994 07:00:00   ;     0
03.10.1994 07:00:00   ;     0
04.10.1994 07:00:00   ;     0
05.10.1994 07:00:00   ;     0
06.10.1994 07:00:00   ;     0
07.10.1994 07:00:00   ;     0
08.10.1994 07:00:00   ;     6
09.10.1994 07:00:00   ;     2
10.10.1994 07:00:00   ;     0
11.10.1994 07:00:00   ;     0
12.10.1994 07:00:00   ;     0
13.10.1994 07:00:00   ;     0
14.10.1994 07:00:00   ;     0
15.10.1994 07:00:00   ;     0
16.10.1994 07:00:00   ;     0
17.10.1994 07:00:00   ;     0
18.10.1994 07:00:00   ;     0
19.10.1994 07:00:00   ;     0
20.10.1994 07:00:00   ;     0
21.10.1994 07:00:00   ;     0
22.10.1994 07:00:00   ;     0
23.10.1994 07:00:00   ;     0
24.10.1994 07:00:00   ;     0
25.10.1994 07:00:00   ;     0
26.10.1994 07:00:00   ;     0
27.10.1994 07:00:00   ;     5
28.10.1994 07:00:00   ;     0
29.10.1994 07:00:00   ;     2
30.10.1994 07:00:00   ;     0
31.10.1994 07:00:00   ;     0
01.11.1994 07:00:00   ;     0
02.11.1994 07:00:00   ;     0
03.11.1994 07:00:00   ;     0
04.11.1994 07:00:00   ;     0
05.11.1994 07:00:00   ;     0
06.11.1994 07:00:00   ;     0
07.11.1994 07:00:00   ;     0
08.11.1994 07:00:00   ;     0
09.11.1994 07:00:00   ;     0
10.11.1994 07:00:00   ;     0
11.11.1994 07:00:00   ;     5
12.11.1994 07:00:00   ;     5
13.11.1994 07:00:00   ;     0
14.11.1994 07:00:00   ;     0
15.11.1994 07:00:00   ;     0
16.11.1994 07:00:00   ;     0
17.11.1994 07:00:00   ;     0
18.11.1994 07:00:00   ;     0
19.11.1994 07:00:00   ;     0
20.11.1994 07:00:00   ;     0
21.11.1994 07:00:00   ;     0
22.11.1994 07:00:00   ;     0
23.11.1994 07:00:00   ;     0
24.11.1994 07:00:00   ;     0
25.11.1994 07:00:00   ;     0
26.11.1994 07:00:00   ;     0
27.11.1994 07:00:00   ;     0
28.11.1994 07:00:00   ;     0
29.11.1994 07:00:00   ;     0
30.11.1994 07:00:00   ;     0
01.12.1994 07:00:00   ;     0
02.12.1994 07:00:00   ;     0
03.12.1994 07:00:00   ;     0
04.12.1994 07:00:00   ;     0
05.12.1994 07:00:00   ;     0
06.12.1994 07:00:00   ;     0
07.12.1994 07:00:00   ;     1
08.12.1994 07:00:00   ;     0
09.12.1994 07:00:00   ;     0
10.12.1994 07:00:00   ;     3
11.12.1994 07:00:00   ;     1
12.12.1994 07:00:00   ;     0
13.12.1994 07:00:00   ;     0
14.12.1994 07:00:00   ;     0
15.12.1994 07:00:00   ;     0
16.12.1994 07:00:00   ;     0
17.12.1994 07:00:00   ;     0
18.12.1994 07:00:00   ;     0
19.12.1994 07:00:00   ;     0
20.12.1994 07:00:00   ;     3
21.12.1994 07:00:00   ;    18
22.12.1994 07:00:00   ;    16
23.12.1994 07:00:00   ;    15
24.12.1994 07:00:00   ;    17
25.12.1994 07:00:00   ;    16
26.12.1994 07:00:00   ;    15
27.12.1994 07:00:00   ;    15
28.12.1994 07:00:00   ;    12
29.12.1994 07:00:00   ;     7
30.12.1994 07:00:00   ;     6
31.12.1994 07:00:00   ;    12
01.01.1995 07:00:00   ;    10
02.01.1995 07:00:00   ;     9
03.01.1995 07:00:00   ;    10
04.01.1995 07:00:00   ;    10
05.01.1995 07:00:00   ;    10
06.01.1995 07:00:00   ;    10
07.01.1995 07:00:00   ;    10
08.01.1995 07:00:00   ;    10
09.01.1995 07:00:00   ;    10
10.01.1995 07:00:00   ;    10
11.01.1995 07:00:00   ;    35
12.01.1995 07:00:00   ;    35
13.01.1995 07:00:00   ;    30
14.01.1995 07:00:00   ;    26
15.01.1995 07:00:00   ;    26
16.01.1995 07:00:00   ;    24
17.01.1995 07:00:00   ;    23
18.01.1995 07:00:00   ;    20
19.01.1995 07:00:00   ;    22
20.01.1995 07:00:00   ;    25
21.01.1995 07:00:00   ;    25
22.01.1995 07:00:00   ;    33
23.01.1995 07:00:00   ;    31
24.01.1995 07:00:00   ;    36
25.01.1995 07:00:00   ;    32
26.01.1995 07:00:00   ;    30
27.01.1995 07:00:00   ;    42
28.01.1995 07:00:00   ;    31
29.01.1995 07:00:00   ;    31
30.01.1995 07:00:00   ;    30
31.01.1995 07:00:00   ;    30
01.02.1995 07:00:00   ;    30
02.02.1995 07:00:00   ;    28
03.02.1995 07:00:00   ;    27
04.02.1995 07:00:00   ;    26
05.02.1995 07:00:00   ;    25
06.02.1995 07:00:00   ;    25
07.02.1995 07:00:00   ;    24
08.02.1995 07:00:00   ;    20
09.02.1995 07:00:00   ;    18
10.02.1995 07:00:00   ;    18
11.02.1995 07:00:00   ;    18
12.02.1995 07:00:00   ;    18
13.02.1995 07:00:00   ;    18
14.02.1995 07:00:00   ;    18
15.02.1995 07:00:00   ;    18
16.02.1995 07:00:00   ;    17
17.02.1995 07:00:00   ;    20
18.02.1995 07:00:00   ;    22
19.02.1995 07:00:00   ;    23
20.02.1995 07:00:00   ;    21
21.02.1995 07:00:00   ;    16
22.02.1995 07:00:00   ;    12
23.02.1995 07:00:00   ;    18
24.02.1995 07:00:00   ;    25
25.02.1995 07:00:00   ;    22
26.02.1995 07:00:00   ;    21
27.02.1995 07:00:00   ;    30
28.02.1995 07:00:00   ;    25
01.03.1995 07:00:00   ;    19
02.03.1995 07:00:00   ;    15
03.03.1995 07:00:00   ;    15
04.03.1995 07:00:00   ;    25
05.03.1995 07:00:00   ;    30
06.03.1995 07:00:00   ;    20
07.03.1995 07:00:00   ;    19
08.03.1995 07:00:00   ;    19
09.03.1995 07:00:00   ;    23
10.03.1995 07:00:00   ;    21
11.03.1995 07:00:00   ;    19
12.03.1995 07:00:00   ;    15
13.03.1995 07:00:00   ;    10
14.03.1995 07:00:00   ;     9
15.03.1995 07:00:00   ;     5
16.03.1995 07:00:00   ;     6
17.03.1995 07:00:00   ;     5
18.03.1995 07:00:00   ;     5
19.03.1995 07:00:00   ;     3
20.03.1995 07:00:00   ;     7
21.03.1995 07:00:00   ;     4
22.03.1995 07:00:00   ;     3
23.03.1995 07:00:00   ;     3
24.03.1995 07:00:00   ;     0
25.03.1995 07:00:00   ;     0
26.03.1995 07:00:00   ;     0
27.03.1995 07:00:00   ;     0
28.03.1995 07:00:00   ;     4
29.03.1995 07:00:00   ;     5
30.03.1995 07:00:00   ;     5
31.03.1995 07:00:00   ;     3
01.04.1995 07:00:00   ;     0
02.04.1995 07:00:00   ;     0
03.04.1995 07:00:00   ;     0
04.04.1995 07:00:00   ;     0
05.04.1995 07:00:00   ;     0
06.04.1995 07:00:00   ;     0
07.04.1995 07:00:00   ;     0
08.04.1995 07:00:00   ;     0
09.04.1995 07:00:00   ;     3
10.04.1995 07:00:00   ;     0
11.04.1995 07:00:00   ;     0
12.04.1995 07:00:00   ;     0
13.04.1995 07:00:00   ;     0
14.04.1995 07:00:00   ;     0
15.04.1995 07:00:00   ;     0
16.04.1995 07:00:00   ;     0
17.04.1995 07:00:00   ;     0
18.04.1995 07:00:00   ;     0
19.04.1995 07:00:00   ;     0
20.04.1995 07:00:00   ;     0
21.04.1995 07:00:00   ;     0
22.04.1995 07:00:00   ;     0
23.04.1995 07:00:00   ;     0
24.04.1995 07:00:00   ;     0
25.04.1995 07:00:00   ;     0
26.04.1995 07:00:00   ;     5
27.04.1995 07:00:00   ;     0
28.04.1995 07:00:00   ;     0
29.04.1995 07:00:00   ;     0
30.04.1995 07:00:00   ;     0
01.05.1995 07:00:00   ;     0
02.05.1995 07:00:00   ;     0
03.05.1995 07:00:00   ;     0
04.05.1995 07:00:00   ;     0
05.05.1995 07:00:00   ;     0
06.05.1995 07:00:00   ;     0
07.05.1995 07:00:00   ;     0
08.05.1995 07:00:00   ;     0
09.05.1995 07:00:00   ;     0
10.05.1995 07:00:00   ;     0
11.05.1995 07:00:00   ;     0
12.05.1995 07:00:00   ;     0
13.05.1995 07:00:00   ;     2
14.05.1995 07:00:00   ;     0
15.05.1995 07:00:00   ;     0
16.05.1995 07:00:00   ;     0
17.05.1995 07:00:00   ;     0
18.05.1995 07:00:00   ;     0
19.05.1995 07:00:00   ;     0
20.05.1995 07:00:00   ;     6
21.05.1995 07:00:00   ;     0
22.05.1995 07:00:00   ;     0
23.05.1995 07:00:00   ;     0
24.05.1995 07:00:00   ;     0
25.05.1995 07:00:00   ;     0
26.05.1995 07:00:00   ;     0
27.05.1995 07:00:00   ;     0
28.05.1995 07:00:00   ;     0
29.05.1995 07:00:00   ;     0
30.05.1995 07:00:00   ;     0
31.05.1995 07:00:00   ;     0
01.06.1995 07:00:00   ;     0
02.06.1995 07:00:00   ;     0
03.06.1995 07:00:00   ;     0
04.06.1995 07:00:00   ;     0
05.06.1995 07:00:00   ;     0
06.06.1995 07:00:00   ;     0
07.06.1995 07:00:00   ;     0
08.06.1995 07:00:00   ;     0
09.06.1995 07:00:00   ;     0
10.06.1995 07:00:00   ;     0
11.06.1995 07:00:00   ;     0
12.06.1995 07:00:00   ;     0
13.06.1995 07:00:00   ;     0
14.06.1995 07:00:00   ;     0
15.06.1995 07:00:00   ;     0
16.06.1995 07:00:00   ;     0
17.06.1995 07:00:00   ;     0
18.06.1995 07:00:00   ;     0
19.06.1995 07:00:00   ;     0
20.06.1995 07:00:00   ;     0
21.06.1995 07:00:00   ;     0
22.06.1995 07:00:00   ;     0
23.06.1995 07:00:00   ;     0
24.06.1995 07:00:00   ;     0
25.06.1995 07:00:00   ;     0
26.06.1995 07:00:00   ;     0
27.06.1995 07:00:00   ;     0
28.06.1995 07:00:00   ;     0
29.06.1995 07:00:00   ;     0
30.06.1995 07:00:00   ;     0
01.07.1995 07:00:00   ;     0
02.07.1995 07:00:00   ;     0
03.07.1995 07:00:00   ;     0
04.07.1995 07:00:00   ;     0
05.07.1995 07:00:00   ;     0
06.07.1995 07:00:00   ;     0
07.07.1995 07:00:00   ;     0
08.07.1995 07:00:00   ;     0
09.07.1995 07:00:00   ;     0
10.07.1995 07:00:00   ;     0
11.07.1995 07:00:00   ;     0
12.07.1995 07:00:00   ;     0
13.07.1995 07:00:00   ;     0
14.07.1995 07:00:00   ;     0
15.07.1995 07:00:00   ;     0
16.07.1995 07:00:00   ;     0
17.07.1995 07:00:00   ;     0
18.07.1995 07:00:00   ;     0
19.07.1995 07:00:00   ;     0
20.07.1995 07:00:00   ;     0
21.07.1995 07:00:00   ;     0
22.07.1995 07:00:00   ;     0
23.07.1995 07:00:00   ;     0
24.07.1995 07:00:00   ;     0
25.07.1995 07:00:00   ;     0
26.07.1995 07:00:00   ;     0
27.07.1995 07:00:00   ;     0
28.07.1995 07:00:00   ;     0
29.07.1995 07:00:00   ;     0
30.07.1995 07:00:00   ;     0
31.07.1995 07:00:00   ;     0
01.08.1995 07:00:00   ;     0
02.08.1995 07:00:00   ;     0
03.08.1995 07:00:00   ;     0
04.08.1995 07:00:00   ;     0
05.08.1995 07:00:00   ;     0
06.08.1995 07:00:00   ;     0
07.08.1995 07:00:00   ;     0
08.08.1995 07:00:00   ;     0
09.08.1995 07:00:00   ;     0
10.08.1995 07:00:00   ;     0
11.08.1995 07:00:00   ;     0
12.08.1995 07:00:00   ;     0
13.08.1995 07:00:00   ;     0
14.08.1995 07:00:00   ;     0
15.08.1995 07:00:00   ;     0
16.08.1995 07:00:00   ;     0
17.08.1995 07:00:00   ;     0
18.08.1995 07:00:00   ;     0
19.08.1995 07:00:00   ;     0
20.08.1995 07:00:00   ;     0
21.08.1995 07:00:00   ;     0
22.08.1995 07:00:00   ;     0
23.08.1995 07:00:00   ;     0
24.08.1995 07:00:00   ;     0
25.08.1995 07:00:00   ;     0
26.08.1995 07:00:00   ;     0
27.08.1995 07:00:00   ;     0
28.08.1995 07:00:00   ;     0
29.08.1995 07:00:00   ;     0
30.08.1995 07:00:00   ;     0
31.08.1995 07:00:00   ;     0
01.09.1995 07:00:00   ;     0
02.09.1995 07:00:00   ;     0
03.09.1995 07:00:00   ;     0
04.09.1995 07:00:00   ;     0
05.09.1995 07:00:00   ;     0
06.09.1995 07:00:00   ;     0
07.09.1995 07:00:00   ;     0
08.09.1995 07:00:00   ;     0
09.09.1995 07:00:00   ;     0
10.09.1995 07:00:00   ;     0
11.09.1995 07:00:00   ;     0
12.09.1995 07:00:00   ;     0
13.09.1995 07:00:00   ;     0
14.09.1995 07:00:00   ;     0
15.09.1995 07:00:00   ;     0
16.09.1995 07:00:00   ;     0
17.09.1995 07:00:00   ;     0
18.09.1995 07:00:00   ;     0
19.09.1995 07:00:00   ;     0
20.09.1995 07:00:00   ;     0
21.09.1995 07:00:00   ;     0
22.09.1995 07:00:00   ;     0
23.09.1995 07:00:00   ;     0
24.09.1995 07:00:00   ;     0
25.09.1995 07:00:00   ;     0
26.09.1995 07:00:00   ;     0
27.09.1995 07:00:00   ;     0
28.09.1995 07:00:00   ;     0
29.09.1995 07:00:00   ;     0
30.09.1995 07:00:00   ;     0
01.10.1995 07:00:00   ;     0
02.10.1995 07:00:00   ;     0
03.10.1995 07:00:00   ;     0
04.10.1995 07:00:00   ;     0
05.10.1995 07:00:00   ;     0
06.10.1995 07:00:00   ;     0
07.10.1995 07:00:00   ;     0
08.10.1995 07:00:00   ;     0
09.10.1995 07:00:00   ;     0
10.10.1995 07:00:00   ;     0
11.10.1995 07:00:00   ;     0
12.10.1995 07:00:00   ;     0
13.10.1995 07:00:00   ;     0
14.10.1995 07:00:00   ;     0
15.10.1995 07:00:00   ;     0
16.10.1995 07:00:00   ;     0
17.10.1995 07:00:00   ;     0
18.10.1995 07:00:00   ;     0
19.10.1995 07:00:00   ;     0
20.10.1995 07:00:00   ;     0
21.10.1995 07:00:00   ;     0
22.10.1995 07:00:00   ;     0
23.10.1995 07:00:00   ;     0
24.10.1995 07:00:00   ;     0
25.10.1995 07:00:00   ;     0
26.10.1995 07:00:00   ;     0
27.10.1995 07:00:00   ;     0
28.10.1995 07:00:00   ;     0
29.10.1995 07:00:00   ;     0
30.10.1995 07:00:00   ;     0
31.10.1995 07:00:00   ;     0
01.11.1995 07:00:00   ;     0
02.11.1995 07:00:00   ;     0
03.11.1995 07:00:00   ;     1
04.11.1995 07:00:00   ;     1
05.11.1995 07:00:00   ;     1
06.11.1995 07:00:00   ;     0
07.11.1995 07:00:00   ;     0
08.11.1995 07:00:00   ;     0
09.11.1995 07:00:00   ;     0
10.11.1995 07:00:00   ;     0
11.11.1995 07:00:00   ;     0
12.11.1995 07:00:00   ;     0
13.11.1995 07:00:00   ;     0
14.11.1995 07:00:00   ;     0
15.11.1995 07:00:00   ;     0
16.11.1995 07:00:00   ;     0
17.11.1995 07:00:00   ;     0
18.11.1995 07:00:00   ;     1
19.11.1995 07:00:00   ;     1
20.11.1995 07:00:00   ;    11
21.11.1995 07:00:00   ;     9
22.11.1995 07:00:00   ;     7
23.11.1995 07:00:00   ;     3
24.11.1995 07:00:00   ;     0
25.11.1995 07:00:00   ;     0
26.11.1995 07:00:00   ;     0
27.11.1995 07:00:00   ;     0
28.11.1995 07:00:00   ;     0
29.11.1995 07:00:00   ;     0
30.11.1995 07:00:00   ;     0
01.12.1995 07:00:00   ;     0
02.12.1995 07:00:00   ;     0
03.12.1995 07:00:00   ;     0
04.12.1995 07:00:00   ;     2
05.12.1995 07:00:00   ;     1
06.12.1995 07:00:00   ;     1
07.12.1995 07:00:00   ;     4
08.12.1995 07:00:00   ;     2
09.12.1995 07:00:00   ;     1
10.12.1995 07:00:00   ;     0
11.12.1995 07:00:00   ;     0
12.12.1995 07:00:00   ;     0
13.12.1995 07:00:00   ;     0
14.12.1995 07:00:00   ;    20
15.12.1995 07:00:00   ;    26
16.12.1995 07:00:00   ;    21
17.12.1995 07:00:00   ;    16
18.12.1995 07:00:00   ;    16
19.12.1995 07:00:00   ;    16
20.12.1995 07:00:00   ;    15
21.12.1995 07:00:00   ;    13
22.12.1995 07:00:00   ;    16
23.12.1995 07:00:00   ;    14
24.12.1995 07:00:00   ;    13
25.12.1995 07:00:00   ;    13
26.12.1995 07:00:00   ;    12
27.12.1995 07:00:00   ;    29
28.12.1995 07:00:00   ;    30
29.12.1995 07:00:00   ;    28
30.12.1995 07:00:00   ;    27
31.12.1995 07:00:00   ;    26
01.01.1996 07:00:00   ;    30
02.01.1996 07:00:00   ;    30
03.01.1996 07:00:00   ;    27
04.01.1996 07:00:00   ;    26
05.01.1996 07:00:00   ;    26
06.01.1996 07:00:00   ;    27
07.01.1996 07:00:00   ;    34
08.01.1996 07:00:00   ;    40
09.01.1996 07:00:00   ;    38
10.01.1996 07:00:00   ;    37
11.01.1996 07:00:00   ;    35
12.01.1996 07:00:00   ;    33
13.01.1996 07:00:00   ;    30
14.01.1996 07:00:00   ;    30
15.01.1996 07:00:00   ;    29
16.01.1996 07:00:00   ;    29
17.01.1996 07:00:00   ;    29
18.01.1996 07:00:00   ;    29
19.01.1996 07:00:00   ;    29
20.01.1996 07:00:00   ;    29
21.01.1996 07:00:00   ;    29
22.01.1996 07:00:00   ;    29
23.01.1996 07:00:00   ;    29
24.01.1996 07:00:00   ;    35
25.01.1996 07:00:00   ;    35
26.01.1996 07:00:00   ;    38
27.01.1996 07:00:00   ;    35
28.01.1996 07:00:00   ;    40
29.01.1996 07:00:00   ;    37
30.01.1996 07:00:00   ;    36
31.01.1996 07:00:00   ;    36
01.02.1996 07:00:00   ;    36
02.02.1996 07:00:00   ;    36
03.02.1996 07:00:00   ;    36
04.02.1996 07:00:00   ;    45
05.02.1996 07:00:00   ;    50
06.02.1996 07:00:00   ;    44
07.02.1996 07:00:00   ;    44
08.02.1996 07:00:00   ;    43
09.02.1996 07:00:00   ;    42
10.02.1996 07:00:00   ;    40
11.02.1996 07:00:00   ;    40
12.02.1996 07:00:00   ;    40
13.02.1996 07:00:00   ;    42
14.02.1996 07:00:00   ;    42
15.02.1996 07:00:00   ;    41
16.02.1996 07:00:00   ;    41
17.02.1996 07:00:00   ;    40
18.02.1996 07:00:00   ;    38
19.02.1996 07:00:00   ;    44
20.02.1996 07:00:00   ;    52
21.02.1996 07:00:00   ;    46
22.02.1996 07:00:00   ;    46
23.02.1996 07:00:00   ;    46
24.02.1996 07:00:00   ;    46
25.02.1996 07:00:00   ;    45
26.02.1996 07:00:00   ;    42
27.02.1996 07:00:00   ;    40
28.02.1996 07:00:00   ;    38
29.02.1996 07:00:00   ;    35
01.03.1996 07:00:00   ;    31
02.03.1996 07:00:00   ;    31
03.03.1996 07:00:00   ;    30
04.03.1996 07:00:00   ;    30
05.03.1996 07:00:00   ;    29
06.03.1996 07:00:00   ;    29
07.03.1996 07:00:00   ;    28
08.03.1996 07:00:00   ;    28
09.03.1996 07:00:00   ;    29
10.03.1996 07:00:00   ;    29
11.03.1996 07:00:00   ;    27
12.03.1996 07:00:00   ;    35
13.03.1996 07:00:00   ;    35
14.03.1996 07:00:00   ;    35
15.03.1996 07:00:00   ;    30
16.03.1996 07:00:00   ;    24
17.03.1996 07:00:00   ;    24
18.03.1996 07:00:00   ;    18
19.03.1996 07:00:00   ;    17
20.03.1996 07:00:00   ;    15
21.03.1996 07:00:00   ;    10
22.03.1996 07:00:00   ;     1
23.03.1996 07:00:00   ;    15
24.03.1996 07:00:00   ;     5
25.03.1996 07:00:00   ;     0
26.03.1996 07:00:00   ;     0
27.03.1996 07:00:00   ;     0
28.03.1996 07:00:00   ;     0
29.03.1996 07:00:00   ;     0
30.03.1996 07:00:00   ;     0
31.03.1996 07:00:00   ;     0
01.04.1996 07:00:00   ;     0
02.04.1996 07:00:00   ;    11
03.04.1996 07:00:00   ;    17
04.04.1996 07:00:00   ;    17
05.04.1996 07:00:00   ;    15
06.04.1996 07:00:00   ;    10
07.04.1996 07:00:00   ;     2
08.04.1996 07:00:00   ;     0
09.04.1996 07:00:00   ;     0
10.04.1996 07:00:00   ;     0
11.04.1996 07:00:00   ;     0
12.04.1996 07:00:00   ;     0
13.04.1996 07:00:00   ;     0
14.04.1996 07:00:00   ;     0
15.04.1996 07:00:00   ;     0
16.04.1996 07:00:00   ;     0
17.04.1996 07:00:00   ;     0
18.04.1996 07:00:00   ;     0
19.04.1996 07:00:00   ;     0
20.04.1996 07:00:00   ;     0
21.04.1996 07:00:00   ;     0
22.04.1996 07:00:00   ;     0
23.04.1996 07:00:00   ;     0
24.04.1996 07:00:00   ;     0
25.04.1996 07:00:00   ;     0
26.04.1996 07:00:00   ;     0
27.04.1996 07:00:00   ;     0
28.04.1996 07:00:00   ;     0
29.04.1996 07:00:00   ;     0
30.04.1996 07:00:00   ;     0
01.05.1996 07:00:00   ;     0
02.05.1996 07:00:00   ;     0
03.05.1996 07:00:00   ;     3
04.05.1996 07:00:00   ;     2
05.05.1996 07:00:00   ;     0
06.05.1996 07:00:00   ;     0
07.05.1996 07:00:00   ;     0
08.05.1996 07:00:00   ;     0
09.05.1996 07:00:00   ;     0
10.05.1996 07:00:00   ;     0
11.05.1996 07:00:00   ;     0
12.05.1996 07:00:00   ;     0
13.05.1996 07:00:00   ;     0
14.05.1996 07:00:00   ;     0
15.05.1996 07:00:00   ;     0
16.05.1996 07:00:00   ;     0
17.05.1996 07:00:00   ;     0
18.05.1996 07:00:00   ;     0
19.05.1996 07:00:00   ;     0
20.05.1996 07:00:00   ;     0
21.05.1996 07:00:00   ;     2
22.05.1996 07:00:00   ;     0
23.05.1996 07:00:00   ;     0
24.05.1996 07:00:00   ;     0
25.05.1996 07:00:00   ;     0
26.05.1996 07:00:00   ;     0
27.05.1996 07:00:00   ;     0
28.05.1996 07:00:00   ;     0
29.05.1996 07:00:00   ;     0
30.05.1996 07:00:00   ;     0
31.05.1996 07:00:00   ;     0
01.06.1996 07:00:00   ;     0
02.06.1996 07:00:00   ;     0
03.06.1996 07:00:00   ;     0
04.06.1996 07:00:00   ;     0
05.06.1996 07:00:00   ;     0
06.06.1996 07:00:00   ;     0
07.06.1996 07:00:00   ;     0
08.06.1996 07:00:00   ;     0
09.06.1996 07:00:00   ;     0
10.06.1996 07:00:00   ;     0
11.06.1996 07:00:00   ;     0
12.06.1996 07:00:00   ;     0
13.06.1996 07:00:00   ;     0
14.06.1996 07:00:00   ;     0
15.06.1996 07:00:00   ;     0
16.06.1996 07:00:00   ;     0
17.06.1996 07:00:00   ;     0
18.06.1996 07:00:00   ;     0
19.06.1996 07:00:00   ;     0
20.06.1996 07:00:00   ;     0
21.06.1996 07:00:00   ;     0
22.06.1996 07:00:00   ;     0
23.06.1996 07:00:00   ;     2
24.06.1996 07:00:00   ;     0
25.06.1996 07:00:00   ;     0
26.06.1996 07:00:00   ;     0
27.06.1996 07:00:00   ;     0
28.06.1996 07:00:00   ;     0
29.06.1996 07:00:00   ;     0
30.06.1996 07:00:00   ;     0
01.07.1996 07:00:00   ;     0
02.07.1996 07:00:00   ;     0
03.07.1996 07:00:00   ;     0
04.07.1996 07:00:00   ;     0
05.07.1996 07:00:00   ;     0
06.07.1996 07:00:00   ;     0
07.07.1996 07:00:00   ;     0
08.07.1996 07:00:00   ;     0
09.07.1996 07:00:00   ;     0
10.07.1996 07:00:00   ;     0
11.07.1996 07:00:00   ;     0
12.07.1996 07:00:00   ;     0
13.07.1996 07:00:00   ;     0
14.07.1996 07:00:00   ;     0
15.07.1996 07:00:00   ;     0
16.07.1996 07:00:00   ;     0
17.07.1996 07:00:00   ;     0
18.07.1996 07:00:00   ;     0
19.07.1996 07:00:00   ;     0
20.07.1996 07:00:00   ;     0
21.07.1996 07:00:00   ;     0
22.07.1996 07:00:00   ;     0
23.07.1996 07:00:00   ;     0
24.07.1996 07:00:00   ;     0
25.07.1996 07:00:00   ;     0
26.07.1996 07:00:00   ;     0
27.07.1996 07:00:00   ;     0
28.07.1996 07:00:00   ;     0
29.07.1996 07:00:00   ;     0
30.07.1996 07:00:00   ;     0
31.07.1996 07:00:00   ;     0
01.08.1996 07:00:00   ;     0
02.08.1996 07:00:00   ;     0
03.08.1996 07:00:00   ;     0
04.08.1996 07:00:00   ;     0
05.08.1996 07:00:00   ;     0
06.08.1996 07:00:00   ;     0
07.08.1996 07:00:00   ;     0
08.08.1996 07:00:00   ;     0
09.08.1996 07:00:00   ;     0
10.08.1996 07:00:00   ;     0
11.08.1996 07:00:00   ;     0
12.08.1996 07:00:00   ;     0
13.08.1996 07:00:00   ;     0
14.08.1996 07:00:00   ;     0
15.08.1996 07:00:00   ;     0
16.08.1996 07:00:00   ;     0
17.08.1996 07:00:00   ;     0
18.08.1996 07:00:00   ;     0
19.08.1996 07:00:00   ;     0
20.08.1996 07:00:00   ;     0
21.08.1996 07:00:00   ;     0
22.08.1996 07:00:00   ;     0
23.08.1996 07:00:00   ;     0
24.08.1996 07:00:00   ;     0
25.08.1996 07:00:00   ;     0
26.08.1996 07:00:00   ;     0
27.08.1996 07:00:00   ;     0
28.08.1996 07:00:00   ;     0
29.08.1996 07:00:00   ;     0
30.08.1996 07:00:00   ;     0
31.08.1996 07:00:00   ;     0
01.09.1996 07:00:00   ;     0
02.09.1996 07:00:00   ;     0
03.09.1996 07:00:00   ;     0
04.09.1996 07:00:00   ;     0
05.09.1996 07:00:00   ;     0
06.09.1996 07:00:00   ;     1
07.09.1996 07:00:00   ;     6
08.09.1996 07:00:00   ;     0
09.09.1996 07:00:00   ;     0
10.09.1996 07:00:00   ;     0
11.09.1996 07:00:00   ;     0
12.09.1996 07:00:00   ;     0
13.09.1996 07:00:00   ;     0
14.09.1996 07:00:00   ;     9
15.09.1996 07:00:00   ;     0
16.09.1996 07:00:00   ;     0
17.09.1996 07:00:00   ;     0
18.09.1996 07:00:00   ;     0
19.09.1996 07:00:00   ;     0
20.09.1996 07:00:00   ;     0
21.09.1996 07:00:00   ;     0
22.09.1996 07:00:00   ;     0
23.09.1996 07:00:00   ;     0
24.09.1996 07:00:00   ;     0
25.09.1996 07:00:00   ;     3
26.09.1996 07:00:00   ;     0
27.09.1996 07:00:00   ;     0
28.09.1996 07:00:00   ;     0
29.09.1996 07:00:00   ;     0
30.09.1996 07:00:00   ;     0
01.10.1996 07:00:00   ;     0
02.10.1996 07:00:00   ;     0
03.10.1996 07:00:00   ;    16
04.10.1996 07:00:00   ;     0
05.10.1996 07:00:00   ;     0
06.10.1996 07:00:00   ;     5
07.10.1996 07:00:00   ;     0
08.10.1996 07:00:00   ;     0
09.10.1996 07:00:00   ;     0
10.10.1996 07:00:00   ;     0
11.10.1996 07:00:00   ;     0
12.10.1996 07:00:00   ;     0
13.10.1996 07:00:00   ;     0
14.10.1996 07:00:00   ;     0
15.10.1996 07:00:00   ;     0
16.10.1996 07:00:00   ;     0
17.10.1996 07:00:00   ;     1
18.10.1996 07:00:00   ;     0
19.10.1996 07:00:00   ;     0
20.10.1996 07:00:00   ;     0
21.10.1996 07:00:00   ;     0
22.10.1996 07:00:00   ;     0
23.10.1996 07:00:00   ;     0
24.10.1996 07:00:00   ;     0
25.10.1996 07:00:00   ;     0
26.10.1996 07:00:00   ;     0
27.10.1996 07:00:00   ;     0
28.10.1996 07:00:00   ;     0
29.10.1996 07:00:00   ;     0
30.10.1996 07:00:00   ;     0
31.10.1996 07:00:00   ;     0
01.11.1996 07:00:00   ;     0
02.11.1996 07:00:00   ;     0
03.11.1996 07:00:00   ;     0
04.11.1996 07:00:00   ;     0
05.11.1996 07:00:00   ;     0
06.11.1996 07:00:00   ;     0
07.11.1996 07:00:00   ;     0
08.11.1996 07:00:00   ;     0
09.11.1996 07:00:00   ;     0
10.11.1996 07:00:00   ;     0
11.11.1996 07:00:00   ;     0
12.11.1996 07:00:00   ;     0
13.11.1996 07:00:00   ;     0
14.11.1996 07:00:00   ;     0
15.11.1996 07:00:00   ;     5
16.11.1996 07:00:00   ;    12
17.11.1996 07:00:00   ;    11
18.11.1996 07:00:00   ;    15
19.11.1996 07:00:00   ;    40
20.11.1996 07:00:00   ;    37
21.11.1996 07:00:00   ;    36
22.11.1996 07:00:00   ;    35
23.11.1996 07:00:00   ;    35
24.11.1996 07:00:00   ;    34
25.11.1996 07:00:00   ;    32
26.11.1996 07:00:00   ;    38
27.11.1996 07:00:00   ;    38
28.11.1996 07:00:00   ;    42
29.11.1996 07:00:00   ;    40
30.11.1996 07:00:00   ;    36
01.12.1996 07:00:00   ;    36
02.12.1996 07:00:00   ;    34
03.12.1996 07:00:00   ;    34
04.12.1996 07:00:00   ;    33
05.12.1996 07:00:00   ;    31
06.12.1996 07:00:00   ;    30
07.12.1996 07:00:00   ;    29
08.12.1996 07:00:00   ;    29
09.12.1996 07:00:00   ;    28
10.12.1996 07:00:00   ;    28
11.12.1996 07:00:00   ;    28
12.12.1996 07:00:00   ;    28
13.12.1996 07:00:00   ;    28
14.12.1996 07:00:00   ;    35
15.12.1996 07:00:00   ;    31
16.12.1996 07:00:00   ;    30
17.12.1996 07:00:00   ;    30
18.12.1996 07:00:00   ;    29
19.12.1996 07:00:00   ;    29
20.12.1996 07:00:00   ;    30
21.12.1996 07:00:00   ;    34
22.12.1996 07:00:00   ;    30
23.12.1996 07:00:00   ;    32
24.12.1996 07:00:00   ;    33
25.12.1996 07:00:00   ;    35
26.12.1996 07:00:00   ;    35
27.12.1996 07:00:00   ;    33
28.12.1996 07:00:00   ;    33
29.12.1996 07:00:00   ;    33
30.12.1996 07:00:00   ;    33
31.12.1996 07:00:00   ;    34
01.01.1997 07:00:00   ;    42
02.01.1997 07:00:00   ;    40
03.01.1997 07:00:00   ;    44
04.01.1997 07:00:00   ;    50
05.01.1997 07:00:00   ;    58
06.01.1997 07:00:00   ;    58
07.01.1997 07:00:00   ;    54
08.01.1997 07:00:00   ;    54
09.01.1997 07:00:00   ;    52
10.01.1997 07:00:00   ;    52
11.01.1997 07:00:00   ;    52
12.01.1997 07:00:00   ;    50
13.01.1997 07:00:00   ;    50
14.01.1997 07:00:00   ;    49
15.01.1997 07:00:00   ;    48
16.01.1997 07:00:00   ;    45
17.01.1997 07:00:00   ;    40
18.01.1997 07:00:00   ;    38
19.01.1997 07:00:00   ;    38
20.01.1997 07:00:00   ;    39
21.01.1997 07:00:00   ;    45
22.01.1997 07:00:00   ;    45
23.01.1997 07:00:00   ;    42
24.01.1997 07:00:00   ;    40
25.01.1997 07:00:00   ;    39
26.01.1997 07:00:00   ;    39
27.01.1997 07:00:00   ;    39
28.01.1997 07:00:00   ;    38
29.01.1997 07:00:00   ;    35
30.01.1997 07:00:00   ;    35
31.01.1997 07:00:00   ;    35
01.02.1997 07:00:00   ;    34
02.02.1997 07:00:00   ;    32
03.02.1997 07:00:00   ;    31
04.02.1997 07:00:00   ;    31
05.02.1997 07:00:00   ;    30
06.02.1997 07:00:00   ;    30
07.02.1997 07:00:00   ;    30
08.02.1997 07:00:00   ;    30
09.02.1997 07:00:00   ;    26
10.02.1997 07:00:00   ;    25
11.02.1997 07:00:00   ;    21
12.02.1997 07:00:00   ;    20
13.02.1997 07:00:00   ;    15
14.02.1997 07:00:00   ;    18
15.02.1997 07:00:00   ;    15
16.02.1997 07:00:00   ;    15
17.02.1997 07:00:00   ;    15
18.02.1997 07:00:00   ;    12
19.02.1997 07:00:00   ;    17
20.02.1997 07:00:00   ;    15
21.02.1997 07:00:00   ;    10
22.02.1997 07:00:00   ;     8
23.02.1997 07:00:00   ;     7
24.02.1997 07:00:00   ;     5
25.02.1997 07:00:00   ;     5
26.02.1997 07:00:00   ;     5
27.02.1997 07:00:00   ;     4
28.02.1997 07:00:00   ;     4
01.03.1997 07:00:00   ;     3
02.03.1997 07:00:00   ;     0
03.03.1997 07:00:00   ;     0
04.03.1997 07:00:00   ;     0
05.03.1997 07:00:00   ;     0
06.03.1997 07:00:00   ;    10
07.03.1997 07:00:00   ;     5
08.03.1997 07:00:00   ;     0
09.03.1997 07:00:00   ;     0
10.03.1997 07:00:00   ;     0
11.03.1997 07:00:00   ;     0
12.03.1997 07:00:00   ;     0
13.03.1997 07:00:00   ;     0
14.03.1997 07:00:00   ;     0
15.03.1997 07:00:00   ;     0
16.03.1997 07:00:00   ;     0
17.03.1997 07:00:00   ;     0
18.03.1997 07:00:00   ;     0
19.03.1997 07:00:00   ;    14
20.03.1997 07:00:00   ;     0
21.03.1997 07:00:00   ;     0
22.03.1997 07:00:00   ;     0
23.03.1997 07:00:00   ;     0
24.03.1997 07:00:00   ;    11
25.03.1997 07:00:00   ;     0
26.03.1997 07:00:00   ;     0
27.03.1997 07:00:00   ;     0
28.03.1997 07:00:00   ;     0
29.03.1997 07:00:00   ;     0
30.03.1997 07:00:00   ;     6
31.03.1997 07:00:00   ;     0
01.04.1997 07:00:00   ;     0
02.04.1997 07:00:00   ;     0
03.04.1997 07:00:00   ;     0
04.04.1997 07:00:00   ;     0
05.04.1997 07:00:00   ;     0
06.04.1997 07:00:00   ;    16
07.04.1997 07:00:00   ;     5
08.04.1997 07:00:00   ;     0
09.04.1997 07:00:00   ;     0
10.04.1997 07:00:00   ;     0
11.04.1997 07:00:00   ;     0
12.04.1997 07:00:00   ;     0
13.04.1997 07:00:00   ;     0
14.04.1997 07:00:00   ;     0
15.04.1997 07:00:00   ;     0
16.04.1997 07:00:00   ;     3
17.04.1997 07:00:00   ;     2
18.04.1997 07:00:00   ;     0
19.04.1997 07:00:00   ;     0
20.04.1997 07:00:00   ;     1
21.04.1997 07:00:00   ;    15
22.04.1997 07:00:00   ;     0
23.04.1997 07:00:00   ;     0
24.04.1997 07:00:00   ;     0
25.04.1997 07:00:00   ;     0
26.04.1997 07:00:00   ;     0
27.04.1997 07:00:00   ;     0
28.04.1997 07:00:00   ;     1
29.04.1997 07:00:00   ;     5
30.04.1997 07:00:00   ;     0
01.05.1997 07:00:00   ;     0
02.05.1997 07:00:00   ;     0
03.05.1997 07:00:00   ;     0
04.05.1997 07:00:00   ;     0
05.05.1997 07:00:00   ;     0
06.05.1997 07:00:00   ;     0
07.05.1997 07:00:00   ;     2
08.05.1997 07:00:00   ;     4
09.05.1997 07:00:00   ;     3
10.05.1997 07:00:00   ;     6
11.05.1997 07:00:00   ;     0
12.05.1997 07:00:00   ;     0
13.05.1997 07:00:00   ;     0
14.05.1997 07:00:00   ;     0
15.05.1997 07:00:00   ;     0
16.05.1997 07:00:00   ;     0
17.05.1997 07:00:00   ;     0
18.05.1997 07:00:00   ;     0
19.05.1997 07:00:00   ;     0
20.05.1997 07:00:00   ;     0
21.05.1997 07:00:00   ;     0
22.05.1997 07:00:00   ;     0
23.05.1997 07:00:00   ;     0
24.05.1997 07:00:00   ;     0
25.05.1997 07:00:00   ;     0
26.05.1997 07:00:00   ;     0
27.05.1997 07:00:00   ;     0
28.05.1997 07:00:00   ;     0
29.05.1997 07:00:00   ;     0
30.05.1997 07:00:00   ;     0
31.05.1997 07:00:00   ;     0
01.06.1997 07:00:00   ;     1
02.06.1997 07:00:00   ;     0
03.06.1997 07:00:00   ;     0
04.06.1997 07:00:00   ;     0
05.06.1997 07:00:00   ;     0
06.06.1997 07:00:00   ;     0
07.06.1997 07:00:00   ;     0
08.06.1997 07:00:00   ;     0
09.06.1997 07:00:00   ;     0
10.06.1997 07:00:00   ;     0
11.06.1997 07:00:00   ;     0
12.06.1997 07:00:00   ;     0
13.06.1997 07:00:00   ;     0
14.06.1997 07:00:00   ;     0
15.06.1997 07:00:00   ;     0
16.06.1997 07:00:00   ;     0
17.06.1997 07:00:00   ;     0
18.06.1997 07:00:00   ;     0
19.06.1997 07:00:00   ;     0
20.06.1997 07:00:00   ;     0
21.06.1997 07:00:00   ;     0
22.06.1997 07:00:00   ;     0
23.06.1997 07:00:00   ;     0
24.06.1997 07:00:00   ;     0
25.06.1997 07:00:00   ;     0
26.06.1997 07:00:00   ;     0
27.06.1997 07:00:00   ;     0
28.06.1997 07:00:00   ;     0
29.06.1997 07:00:00   ;     0
30.06.1997 07:00:00   ;     0
01.07.1997 07:00:00   ;     0
02.07.1997 07:00:00   ;     0
03.07.1997 07:00:00   ;     0
04.07.1997 07:00:00   ;     0
05.07.1997 07:00:00   ;     0
06.07.1997 07:00:00   ;     0
07.07.1997 07:00:00   ;     0
08.07.1997 07:00:00   ;     0
09.07.1997 07:00:00   ;     0
10.07.1997 07:00:00   ;     0
11.07.1997 07:00:00   ;     0
12.07.1997 07:00:00   ;     0
13.07.1997 07:00:00   ;     0
14.07.1997 07:00:00   ;     0
15.07.1997 07:00:00   ;     0
16.07.1997 07:00:00   ;     0
17.07.1997 07:00:00   ;     0
18.07.1997 07:00:00   ;     0
19.07.1997 07:00:00   ;     0
20.07.1997 07:00:00   ;     0
21.07.1997 07:00:00   ;     0
22.07.1997 07:00:00   ;     0
23.07.1997 07:00:00   ;     0
24.07.1997 07:00:00   ;     0
25.07.1997 07:00:00   ;     0
26.07.1997 07:00:00   ;     0
27.07.1997 07:00:00   ;     0
28.07.1997 07:00:00   ;     0
29.07.1997 07:00:00   ;     0
30.07.1997 07:00:00   ;     0
31.07.1997 07:00:00   ;     0
01.08.1997 07:00:00   ;     0
02.08.1997 07:00:00   ;     0
03.08.1997 07:00:00   ;     0
04.08.1997 07:00:00   ;     0
05.08.1997 07:00:00   ;     0
06.08.1997 07:00:00   ;     0
07.08.1997 07:00:00   ;     0
08.08.1997 07:00:00   ;     0
09.08.1997 07:00:00   ;     0
10.08.1997 07:00:00   ;     0
11.08.1997 07:00:00   ;     0
12.08.1997 07:00:00   ;     0
13.08.1997 07:00:00   ;     0
14.08.1997 07:00:00   ;     0
15.08.1997 07:00:00   ;     0
16.08.1997 07:00:00   ;     0
17.08.1997 07:00:00   ;     0
18.08.1997 07:00:00   ;     0
19.08.1997 07:00:00   ;     0
20.08.1997 07:00:00   ;     0
21.08.1997 07:00:00   ;     0
22.08.1997 07:00:00   ;     0
23.08.1997 07:00:00   ;     0
24.08.1997 07:00:00   ;     0
25.08.1997 07:00:00   ;     0
26.08.1997 07:00:00   ;     0
27.08.1997 07:00:00   ;     0
28.08.1997 07:00:00   ;     0
29.08.1997 07:00:00   ;     0
30.08.1997 07:00:00   ;     0
31.08.1997 07:00:00   ;     0
01.09.1997 07:00:00   ;     0
02.09.1997 07:00:00   ;     0
03.09.1997 07:00:00   ;     0
04.09.1997 07:00:00   ;     0
05.09.1997 07:00:00   ;     0
06.09.1997 07:00:00   ;     0
07.09.1997 07:00:00   ;     0
08.09.1997 07:00:00   ;     0
09.09.1997 07:00:00   ;     0
10.09.1997 07:00:00   ;     0
11.09.1997 07:00:00   ;     0
12.09.1997 07:00:00   ;     0
13.09.1997 07:00:00   ;     0
14.09.1997 07:00:00   ;     0
15.09.1997 07:00:00   ;     0
16.09.1997 07:00:00   ;     0
17.09.1997 07:00:00   ;     0
18.09.1997 07:00:00   ;     0
19.09.1997 07:00:00   ;     0
20.09.1997 07:00:00   ;     0
21.09.1997 07:00:00   ;     0
22.09.1997 07:00:00   ;     0
23.09.1997 07:00:00   ;     0
24.09.1997 07:00:00   ;     0
25.09.1997 07:00:00   ;     0
26.09.1997 07:00:00   ;     0
27.09.1997 07:00:00   ;     0
28.09.1997 07:00:00   ;     0
29.09.1997 07:00:00   ;     0
30.09.1997 07:00:00   ;     0
01.10.1997 07:00:00   ;     0
02.10.1997 07:00:00   ;     0
03.10.1997 07:00:00   ;     0
04.10.1997 07:00:00   ;     0
05.10.1997 07:00:00   ;     0
06.10.1997 07:00:00   ;     0
07.10.1997 07:00:00   ;     0
08.10.1997 07:00:00   ;     0
09.10.1997 07:00:00   ;     0
10.10.1997 07:00:00   ;     0
11.10.1997 07:00:00   ;     0
12.10.1997 07:00:00   ;     0
13.10.1997 07:00:00   ;     0
14.10.1997 07:00:00   ;     0
15.10.1997 07:00:00   ;     0
16.10.1997 07:00:00   ;     0
17.10.1997 07:00:00   ;     0
18.10.1997 07:00:00   ;     0
19.10.1997 07:00:00   ;     0
20.10.1997 07:00:00   ;     0
21.10.1997 07:00:00   ;     0
22.10.1997 07:00:00   ;     0
23.10.1997 07:00:00   ;     0
24.10.1997 07:00:00   ;     0
25.10.1997 07:00:00   ;     0
26.10.1997 07:00:00   ;     0
27.10.1997 07:00:00   ;     0
28.10.1997 07:00:00   ;     1
29.10.1997 07:00:00   ;     0
30.10.1997 07:00:00   ;     0
31.10.1997 07:00:00   ;     1
01.11.1997 07:00:00   ;     0
02.11.1997 07:00:00   ;     0
03.11.1997 07:00:00   ;     0
04.11.1997 07:00:00   ;     0
05.11.1997 07:00:00   ;     0
06.11.1997 07:00:00   ;     0
07.11.1997 07:00:00   ;     0
08.11.1997 07:00:00   ;     0
09.11.1997 07:00:00   ;     0
10.11.1997 07:00:00   ;     0
11.11.1997 07:00:00   ;     7
12.11.1997 07:00:00   ;     1
13.11.1997 07:00:00   ;    15
14.11.1997 07:00:00   ;    10
15.11.1997 07:00:00   ;     9
16.11.1997 07:00:00   ;     8
17.11.1997 07:00:00   ;     9
18.11.1997 07:00:00   ;     9
19.11.1997 07:00:00   ;     7
20.11.1997 07:00:00   ;     7
21.11.1997 07:00:00   ;     7
22.11.1997 07:00:00   ;    15
23.11.1997 07:00:00   ;    14
24.11.1997 07:00:00   ;    15
25.11.1997 07:00:00   ;    15
26.11.1997 07:00:00   ;    15
27.11.1997 07:00:00   ;    12
28.11.1997 07:00:00   ;    10
29.11.1997 07:00:00   ;     9
30.11.1997 07:00:00   ;    20
01.12.1997 07:00:00   ;    29
02.12.1997 07:00:00   ;    25
03.12.1997 07:00:00   ;    35
04.12.1997 07:00:00   ;    32
05.12.1997 07:00:00   ;    29
06.12.1997 07:00:00   ;    26
07.12.1997 07:00:00   ;    25
08.12.1997 07:00:00   ;    21
09.12.1997 07:00:00   ;    18
10.12.1997 07:00:00   ;    15
11.12.1997 07:00:00   ;    14
12.12.1997 07:00:00   ;    20
13.12.1997 07:00:00   ;    15
14.12.1997 07:00:00   ;    15
15.12.1997 07:00:00   ;    16
16.12.1997 07:00:00   ;    20
17.12.1997 07:00:00   ;    24
18.12.1997 07:00:00   ;    22
19.12.1997 07:00:00   ;    20
20.12.1997 07:00:00   ;    23
21.12.1997 07:00:00   ;    29
22.12.1997 07:00:00   ;    32
23.12.1997 07:00:00   ;    30
24.12.1997 07:00:00   ;    28
25.12.1997 07:00:00   ;    25
26.12.1997 07:00:00   ;    20
27.12.1997 07:00:00   ;    30
28.12.1997 07:00:00   ;    27
29.12.1997 07:00:00   ;    26
30.12.1997 07:00:00   ;    25
31.12.1997 07:00:00   ;    24
01.01.1998 07:00:00   ;    24
02.01.1998 07:00:00   ;    24
03.01.1998 07:00:00   ;    35
04.01.1998 07:00:00   ;    31
05.01.1998 07:00:00   ;    30
06.01.1998 07:00:00   ;    30
07.01.1998 07:00:00   ;    30
08.01.1998 07:00:00   ;    25
09.01.1998 07:00:00   ;    24
10.01.1998 07:00:00   ;    24
11.01.1998 07:00:00   ;    23
12.01.1998 07:00:00   ;    22
13.01.1998 07:00:00   ;    20
14.01.1998 07:00:00   ;    20
15.01.1998 07:00:00   ;    20
16.01.1998 07:00:00   ;    21
17.01.1998 07:00:00   ;    22
18.01.1998 07:00:00   ;    22
19.01.1998 07:00:00   ;    22
20.01.1998 07:00:00   ;    25
21.01.1998 07:00:00   ;    22
22.01.1998 07:00:00   ;    22
23.01.1998 07:00:00   ;    22
24.01.1998 07:00:00   ;    22
25.01.1998 07:00:00   ;    22
26.01.1998 07:00:00   ;    22
27.01.1998 07:00:00   ;    22
28.01.1998 07:00:00   ;    22
29.01.1998 07:00:00   ;    22
30.01.1998 07:00:00   ;    22
31.01.1998 07:00:00   ;    21
01.02.1998 07:00:00   ;    21
02.02.1998 07:00:00   ;    21
03.02.1998 07:00:00   ;    21
04.02.1998 07:00:00   ;    21
05.02.1998 07:00:00   ;    21
06.02.1998 07:00:00   ;    20
07.02.1998 07:00:00   ;    20
08.02.1998 07:00:00   ;    20
09.02.1998 07:00:00   ;    19
10.02.1998 07:00:00   ;    19
11.02.1998 07:00:00   ;    13
12.02.1998 07:00:00   ;     8
13.02.1998 07:00:00   ;     5
14.02.1998 07:00:00   ;     0
15.02.1998 07:00:00   ;     0
16.02.1998 07:00:00   ;     0
17.02.1998 07:00:00   ;     0
18.02.1998 07:00:00   ;     0
19.02.1998 07:00:00   ;     0
20.02.1998 07:00:00   ;     0
21.02.1998 07:00:00   ;     0
22.02.1998 07:00:00   ;     0
23.02.1998 07:00:00   ;     6
24.02.1998 07:00:00   ;     3
25.02.1998 07:00:00   ;     0
26.02.1998 07:00:00   ;     0
27.02.1998 07:00:00   ;     0
28.02.1998 07:00:00   ;     0
01.03.1998 07:00:00   ;     0
02.03.1998 07:00:00   ;     0
03.03.1998 07:00:00   ;     0
04.03.1998 07:00:00   ;     0
05.03.1998 07:00:00   ;     0
06.03.1998 07:00:00   ;     3
07.03.1998 07:00:00   ;     2
08.03.1998 07:00:00   ;     0
09.03.1998 07:00:00   ;     0
10.03.1998 07:00:00   ;     0
11.03.1998 07:00:00   ;     0
12.03.1998 07:00:00   ;     0
13.03.1998 07:00:00   ;     0
14.03.1998 07:00:00   ;     0
15.03.1998 07:00:00   ;     1
16.03.1998 07:00:00   ;     1
17.03.1998 07:00:00   ;     0
18.03.1998 07:00:00   ;     0
19.03.1998 07:00:00   ;     0
20.03.1998 07:00:00   ;     0
21.03.1998 07:00:00   ;     5
22.03.1998 07:00:00   ;     0
23.03.1998 07:00:00   ;     3
24.03.1998 07:00:00   ;     5
25.03.1998 07:00:00   ;     0
26.03.1998 07:00:00   ;     0
27.03.1998 07:00:00   ;     0
28.03.1998 07:00:00   ;     0
29.03.1998 07:00:00   ;     0
30.03.1998 07:00:00   ;     0
31.03.1998 07:00:00   ;     0
01.04.1998 07:00:00   ;     0
02.04.1998 07:00:00   ;     0
03.04.1998 07:00:00   ;     0
04.04.1998 07:00:00   ;     0
05.04.1998 07:00:00   ;     0
06.04.1998 07:00:00   ;     0
07.04.1998 07:00:00   ;     6
08.04.1998 07:00:00   ;    16
09.04.1998 07:00:00   ;     2
10.04.1998 07:00:00   ;     0
11.04.1998 07:00:00   ;    20
12.04.1998 07:00:00   ;    29
13.04.1998 07:00:00   ;    25
14.04.1998 07:00:00   ;    31
15.04.1998 07:00:00   ;    31
16.04.1998 07:00:00   ;    30
17.04.1998 07:00:00   ;    25
18.04.1998 07:00:00   ;    20
19.04.1998 07:00:00   ;    20
20.04.1998 07:00:00   ;    15
21.04.1998 07:00:00   ;    10
22.04.1998 07:00:00   ;     5
23.04.1998 07:00:00   ;     0
24.04.1998 07:00:00   ;     0
25.04.1998 07:00:00   ;     0
26.04.1998 07:00:00   ;     0
27.04.1998 07:00:00   ;     0
28.04.1998 07:00:00   ;     0
29.04.1998 07:00:00   ;     0
30.04.1998 07:00:00   ;     0
01.05.1998 07:00:00   ;     0
02.05.1998 07:00:00   ;     0
03.05.1998 07:00:00   ;     0
04.05.1998 07:00:00   ;     0
05.05.1998 07:00:00   ;     0
06.05.1998 07:00:00   ;     0
07.05.1998 07:00:00   ;     0
08.05.1998 07:00:00   ;     0
09.05.1998 07:00:00   ;     0
10.05.1998 07:00:00   ;     0
11.05.1998 07:00:00   ;     0
12.05.1998 07:00:00   ;     0
13.05.1998 07:00:00   ;     0
14.05.1998 07:00:00   ;     0
15.05.1998 07:00:00   ;     0
16.05.1998 07:00:00   ;     0
17.05.1998 07:00:00   ;     0
18.05.1998 07:00:00   ;     0
19.05.1998 07:00:00   ;     0
20.05.1998 07:00:00   ;     0
21.05.1998 07:00:00   ;     0
22.05.1998 07:00:00   ;     0
23.05.1998 07:00:00   ;     0
24.05.1998 07:00:00   ;     0
25.05.1998 07:00:00   ;     0
26.05.1998 07:00:00   ;     0
27.05.1998 07:00:00   ;     0
28.05.1998 07:00:00   ;     0
29.05.1998 07:00:00   ;     0
30.05.1998 07:00:00   ;     0
31.05.1998 07:00:00   ;     0
01.06.1998 07:00:00   ;     0
02.06.1998 07:00:00   ;     0
03.06.1998 07:00:00   ;     0
04.06.1998 07:00:00   ;     0
05.06.1998 07:00:00   ;     0
06.06.1998 07:00:00   ;     0
07.06.1998 07:00:00   ;     0
08.06.1998 07:00:00   ;     0
09.06.1998 07:00:00   ;     0
10.06.1998 07:00:00   ;     0
11.06.1998 07:00:00   ;     0
12.06.1998 07:00:00   ;     0
13.06.1998 07:00:00   ;     0
14.06.1998 07:00:00   ;     0
15.06.1998 07:00:00   ;     0
16.06.1998 07:00:00   ;     0
17.06.1998 07:00:00   ;     0
18.06.1998 07:00:00   ;     0
19.06.1998 07:00:00   ;     0
20.06.1998 07:00:00   ;     0
21.06.1998 07:00:00   ;     0
22.06.1998 07:00:00   ;     0
23.06.1998 07:00:00   ;     0
24.06.1998 07:00:00   ;     0
25.06.1998 07:00:00   ;     0
26.06.1998 07:00:00   ;     0
27.06.1998 07:00:00   ;     0
28.06.1998 07:00:00   ;     0
29.06.1998 07:00:00   ;     0
30.06.1998 07:00:00   ;     0
01.07.1998 07:00:00   ;     0
02.07.1998 07:00:00   ;     0
03.07.1998 07:00:00   ;     0
04.07.1998 07:00:00   ;     0
05.07.1998 07:00:00   ;     0
06.07.1998 07:00:00   ;     0
07.07.1998 07:00:00   ;     0
08.07.1998 07:00:00   ;     0
09.07.1998 07:00:00   ;     0
10.07.1998 07:00:00   ;     0
11.07.1998 07:00:00   ;     0
12.07.1998 07:00:00   ;     0
13.07.1998 07:00:00   ;     0
14.07.1998 07:00:00   ;     0
15.07.1998 07:00:00   ;     0
16.07.1998 07:00:00   ;     0
17.07.1998 07:00:00   ;     0
18.07.1998 07:00:00   ;     0
19.07.1998 07:00:00   ;     0
20.07.1998 07:00:00   ;     0
21.07.1998 07:00:00   ;     0
22.07.1998 07:00:00   ;     0
23.07.1998 07:00:00   ;     0
24.07.1998 07:00:00   ;     0
25.07.1998 07:00:00   ;     0
26.07.1998 07:00:00   ;     0
27.07.1998 07:00:00   ;     0
28.07.1998 07:00:00   ;     0
29.07.1998 07:00:00   ;     0
30.07.1998 07:00:00   ;     0
31.07.1998 07:00:00   ;     0
01.08.1998 07:00:00   ;     0
02.08.1998 07:00:00   ;     0
03.08.1998 07:00:00   ;     0
04.08.1998 07:00:00   ;     0
05.08.1998 07:00:00   ;     0
06.08.1998 07:00:00   ;     0
07.08.1998 07:00:00   ;     0
08.08.1998 07:00:00   ;     0
09.08.1998 07:00:00   ;     0
10.08.1998 07:00:00   ;     0
11.08.1998 07:00:00   ;     0
12.08.1998 07:00:00   ;     0
13.08.1998 07:00:00   ;     0
14.08.1998 07:00:00   ;     0
15.08.1998 07:00:00   ;     0
16.08.1998 07:00:00   ;     0
17.08.1998 07:00:00   ;     0
18.08.1998 07:00:00   ;     0
19.08.1998 07:00:00   ;     0
20.08.1998 07:00:00   ;     0
21.08.1998 07:00:00   ;     0
22.08.1998 07:00:00   ;     0
23.08.1998 07:00:00   ;     0
24.08.1998 07:00:00   ;     0
25.08.1998 07:00:00   ;     0
26.08.1998 07:00:00   ;     0
27.08.1998 07:00:00   ;     0
28.08.1998 07:00:00   ;     0
29.08.1998 07:00:00   ;     0
30.08.1998 07:00:00   ;     0
31.08.1998 07:00:00   ;     0
01.09.1998 07:00:00   ;     0
02.09.1998 07:00:00   ;     0
03.09.1998 07:00:00   ;     0
04.09.1998 07:00:00   ;     0
05.09.1998 07:00:00   ;     0
06.09.1998 07:00:00   ;     0
07.09.1998 07:00:00   ;     0
08.09.1998 07:00:00   ;     0
09.09.1998 07:00:00   ;     0
10.09.1998 07:00:00   ;     0
11.09.1998 07:00:00   ;     0
12.09.1998 07:00:00   ;     0
13.09.1998 07:00:00   ;     0
14.09.1998 07:00:00   ;    10
15.09.1998 07:00:00   ;     0
16.09.1998 07:00:00   ;     0
17.09.1998 07:00:00   ;     0
18.09.1998 07:00:00   ;     0
19.09.1998 07:00:00   ;     0
20.09.1998 07:00:00   ;     0
21.09.1998 07:00:00   ;     0
22.09.1998 07:00:00   ;     0
23.09.1998 07:00:00   ;     0
24.09.1998 07:00:00   ;     0
25.09.1998 07:00:00   ;     0
26.09.1998 07:00:00   ;     0
27.09.1998 07:00:00   ;     0
28.09.1998 07:00:00   ;     0
29.09.1998 07:00:00   ;     0
30.09.1998 07:00:00   ;     0
01.10.1998 07:00:00   ;     0
02.10.1998 07:00:00   ;     0
03.10.1998 07:00:00   ;     0
04.10.1998 07:00:00   ;     0
05.10.1998 07:00:00   ;     0
06.10.1998 07:00:00   ;     0
07.10.1998 07:00:00   ;     0
08.10.1998 07:00:00   ;     0
09.10.1998 07:00:00   ;     0
10.10.1998 07:00:00   ;     0
11.10.1998 07:00:00   ;     0
12.10.1998 07:00:00   ;     0
13.10.1998 07:00:00   ;     1
14.10.1998 07:00:00   ;     0
15.10.1998 07:00:00   ;     0
16.10.1998 07:00:00   ;     0
17.10.1998 07:00:00   ;     0
18.10.1998 07:00:00   ;     0
19.10.1998 07:00:00   ;     0
20.10.1998 07:00:00   ;     5
21.10.1998 07:00:00   ;     0
22.10.1998 07:00:00   ;     0
23.10.1998 07:00:00   ;     0
24.10.1998 07:00:00   ;     0
25.10.1998 07:00:00   ;     0
26.10.1998 07:00:00   ;     0
27.10.1998 07:00:00   ;     0
28.10.1998 07:00:00   ;     0
29.10.1998 07:00:00   ;     0
30.10.1998 07:00:00   ;     0
31.10.1998 07:00:00   ;     7
01.11.1998 07:00:00   ;     0
02.11.1998 07:00:00   ;     0
03.11.1998 07:00:00   ;     0
04.11.1998 07:00:00   ;     0
05.11.1998 07:00:00   ;    10
06.11.1998 07:00:00   ;     0
07.11.1998 07:00:00   ;     0
08.11.1998 07:00:00   ;     0
09.11.1998 07:00:00   ;     0
10.11.1998 07:00:00   ;     0
11.11.1998 07:00:00   ;     0
12.11.1998 07:00:00   ;     0
13.11.1998 07:00:00   ;     0
14.11.1998 07:00:00   ;     0
15.11.1998 07:00:00   ;     5
16.11.1998 07:00:00   ;     3
17.11.1998 07:00:00   ;     2
18.11.1998 07:00:00   ;     2
19.11.1998 07:00:00   ;     0
20.11.1998 07:00:00   ;     0
21.11.1998 07:00:00   ;     0
22.11.1998 07:00:00   ;     0
23.11.1998 07:00:00   ;     8
24.11.1998 07:00:00   ;    20
25.11.1998 07:00:00   ;    18
26.11.1998 07:00:00   ;    17
27.11.1998 07:00:00   ;    16
28.11.1998 07:00:00   ;    15
29.11.1998 07:00:00   ;    13
30.11.1998 07:00:00   ;    13
01.12.1998 07:00:00   ;    12
02.12.1998 07:00:00   ;    12
03.12.1998 07:00:00   ;    15
04.12.1998 07:00:00   ;    15
05.12.1998 07:00:00   ;    14
06.12.1998 07:00:00   ;    16
07.12.1998 07:00:00   ;    15
08.12.1998 07:00:00   ;    13
09.12.1998 07:00:00   ;    12
10.12.1998 07:00:00   ;    12
11.12.1998 07:00:00   ;    12
12.12.1998 07:00:00   ;    12
13.12.1998 07:00:00   ;    14
14.12.1998 07:00:00   ;    12
15.12.1998 07:00:00   ;    11
16.12.1998 07:00:00   ;     9
17.12.1998 07:00:00   ;     6
18.12.1998 07:00:00   ;     5
19.12.1998 07:00:00   ;     3
20.12.1998 07:00:00   ;     0
21.12.1998 07:00:00   ;    10
22.12.1998 07:00:00   ;     7
23.12.1998 07:00:00   ;     7
24.12.1998 07:00:00   ;     7
25.12.1998 07:00:00   ;     6
26.12.1998 07:00:00   ;     5
27.12.1998 07:00:00   ;     0
28.12.1998 07:00:00   ;     0
29.12.1998 07:00:00   ;     0
30.12.1998 07:00:00   ;     0
31.12.1998 07:00:00   ;     0
01.01.1999 07:00:00   ;     0
02.01.1999 07:00:00   ;     0
03.01.1999 07:00:00   ;     4
04.01.1999 07:00:00   ;     6
05.01.1999 07:00:00   ;     3
06.01.1999 07:00:00   ;     0
07.01.1999 07:00:00   ;     0
08.01.1999 07:00:00   ;     0
09.01.1999 07:00:00   ;     1
10.01.1999 07:00:00   ;     0
11.01.1999 07:00:00   ;    10
12.01.1999 07:00:00   ;    35
13.01.1999 07:00:00   ;    35
14.01.1999 07:00:00   ;    29
15.01.1999 07:00:00   ;    28
16.01.1999 07:00:00   ;    22
17.01.1999 07:00:00   ;    20
18.01.1999 07:00:00   ;    20
19.01.1999 07:00:00   ;    19
20.01.1999 07:00:00   ;    17
21.01.1999 07:00:00   ;    16
22.01.1999 07:00:00   ;    15
23.01.1999 07:00:00   ;    14
24.01.1999 07:00:00   ;    14
25.01.1999 07:00:00   ;    13
26.01.1999 07:00:00   ;    12
27.01.1999 07:00:00   ;    11
28.01.1999 07:00:00   ;    12
29.01.1999 07:00:00   ;    28
30.01.1999 07:00:00   ;    22
31.01.1999 07:00:00   ;    19
01.02.1999 07:00:00   ;    19
02.02.1999 07:00:00   ;    19
03.02.1999 07:00:00   ;    17
04.02.1999 07:00:00   ;    16
05.02.1999 07:00:00   ;    13
06.02.1999 07:00:00   ;    16
07.02.1999 07:00:00   ;    18
08.02.1999 07:00:00   ;    19
09.02.1999 07:00:00   ;    17
10.02.1999 07:00:00   ;    45
11.02.1999 07:00:00   ;    41
12.02.1999 07:00:00   ;    32
13.02.1999 07:00:00   ;    28
14.02.1999 07:00:00   ;    29
15.02.1999 07:00:00   ;    29
16.02.1999 07:00:00   ;    28
17.02.1999 07:00:00   ;    28
18.02.1999 07:00:00   ;    30
19.02.1999 07:00:00   ;    29
20.02.1999 07:00:00   ;    27
21.02.1999 07:00:00   ;    26
22.02.1999 07:00:00   ;    32
23.02.1999 07:00:00   ;    30
24.02.1999 07:00:00   ;    35
25.02.1999 07:00:00   ;    32
26.02.1999 07:00:00   ;    30
27.02.1999 07:00:00   ;    26
28.02.1999 07:00:00   ;    23
01.03.1999 07:00:00   ;    20
02.03.1999 07:00:00   ;    16
03.03.1999 07:00:00   ;    15
04.03.1999 07:00:00   ;    16
05.03.1999 07:00:00   ;    46
06.03.1999 07:00:00   ;    53
07.03.1999 07:00:00   ;    70
08.03.1999 07:00:00   ;    60
09.03.1999 07:00:00   ;    58
10.03.1999 07:00:00   ;    56
11.03.1999 07:00:00   ;    50
12.03.1999 07:00:00   ;    30
13.03.1999 07:00:00   ;    24
14.03.1999 07:00:00   ;    20
15.03.1999 07:00:00   ;    16
16.03.1999 07:00:00   ;    10
17.03.1999 07:00:00   ;     3
18.03.1999 07:00:00   ;     0
19.03.1999 07:00:00   ;     0
20.03.1999 07:00:00   ;     0
21.03.1999 07:00:00   ;     0
22.03.1999 07:00:00   ;     1
23.03.1999 07:00:00   ;     2
24.03.1999 07:00:00   ;     0
25.03.1999 07:00:00   ;     0
26.03.1999 07:00:00   ;     0
27.03.1999 07:00:00   ;     2
28.03.1999 07:00:00   ;     3
29.03.1999 07:00:00   ;     0
30.03.1999 07:00:00   ;     0
31.03.1999 07:00:00   ;     0
01.04.1999 07:00:00   ;     0
02.04.1999 07:00:00   ;     0
03.04.1999 07:00:00   ;     0
04.04.1999 07:00:00   ;     0
05.04.1999 07:00:00   ;     0
06.04.1999 07:00:00   ;     0
07.04.1999 07:00:00   ;     0
08.04.1999 07:00:00   ;    11
09.04.1999 07:00:00   ;     5
10.04.1999 07:00:00   ;     0
11.04.1999 07:00:00   ;     0
12.04.1999 07:00:00   ;     0
13.04.1999 07:00:00   ;    20
14.04.1999 07:00:00   ;    14
15.04.1999 07:00:00   ;     5
16.04.1999 07:00:00   ;     2
17.04.1999 07:00:00   ;     5
18.04.1999 07:00:00   ;    10
19.04.1999 07:00:00   ;     0
20.04.1999 07:00:00   ;     0
21.04.1999 07:00:00   ;     0
22.04.1999 07:00:00   ;     0
23.04.1999 07:00:00   ;     0
24.04.1999 07:00:00   ;     0
25.04.1999 07:00:00   ;     0
26.04.1999 07:00:00   ;     0
27.04.1999 07:00:00   ;     0
28.04.1999 07:00:00   ;     0
29.04.1999 07:00:00   ;     0
30.04.1999 07:00:00   ;     0
01.05.1999 07:00:00   ;     0
02.05.1999 07:00:00   ;     0
03.05.1999 07:00:00   ;     0
04.05.1999 07:00:00   ;     0
05.05.1999 07:00:00   ;     0
06.05.1999 07:00:00   ;     0
07.05.1999 07:00:00   ;     0
08.05.1999 07:00:00   ;     0
09.05.1999 07:00:00   ;     0
10.05.1999 07:00:00   ;     0
11.05.1999 07:00:00   ;     0
12.05.1999 07:00:00   ;     0
13.05.1999 07:00:00   ;     0
14.05.1999 07:00:00   ;     0
15.05.1999 07:00:00   ;     0
16.05.1999 07:00:00   ;     0
17.05.1999 07:00:00   ;     0
18.05.1999 07:00:00   ;     0
19.05.1999 07:00:00   ;     0
20.05.1999 07:00:00   ;     0
21.05.1999 07:00:00   ;     0
22.05.1999 07:00:00   ;     0
23.05.1999 07:00:00   ;     0
24.05.1999 07:00:00   ;     0
25.05.1999 07:00:00   ;     0
26.05.1999 07:00:00   ;     0
27.05.1999 07:00:00   ;     0
28.05.1999 07:00:00   ;     0
29.05.1999 07:00:00   ;     0
30.05.1999 07:00:00   ;     0
31.05.1999 07:00:00   ;     0
01.06.1999 07:00:00   ;     0
02.06.1999 07:00:00   ;     0
03.06.1999 07:00:00   ;     0
04.06.1999 07:00:00   ;     0
05.06.1999 07:00:00   ;     0
06.06.1999 07:00:00   ;     0
07.06.1999 07:00:00   ;     0
08.06.1999 07:00:00   ;     0
09.06.1999 07:00:00   ;     0
10.06.1999 07:00:00   ;     0
11.06.1999 07:00:00   ;     0
12.06.1999 07:00:00   ;     0
13.06.1999 07:00:00   ;     0
14.06.1999 07:00:00   ;     0
15.06.1999 07:00:00   ;     0
16.06.1999 07:00:00   ;     0
17.06.1999 07:00:00   ;     0
18.06.1999 07:00:00   ;     0
19.06.1999 07:00:00   ;     0
20.06.1999 07:00:00   ;     0
21.06.1999 07:00:00   ;     0
22.06.1999 07:00:00   ;     0
23.06.1999 07:00:00   ;     0
24.06.1999 07:00:00   ;     0
25.06.1999 07:00:00   ;     0
26.06.1999 07:00:00   ;     0
27.06.1999 07:00:00   ;     0
28.06.1999 07:00:00   ;     0
29.06.1999 07:00:00   ;     0
30.06.1999 07:00:00   ;     0
01.07.1999 07:00:00   ;     0
02.07.1999 07:00:00   ;     0
03.07.1999 07:00:00   ;     0
04.07.1999 07:00:00   ;     0
05.07.1999 07:00:00   ;     0
06.07.1999 07:00:00   ;     0
07.07.1999 07:00:00   ;     0
08.07.1999 07:00:00   ;     0
09.07.1999 07:00:00   ;     0
10.07.1999 07:00:00   ;     0
11.07.1999 07:00:00   ;     0
12.07.1999 07:00:00   ;     0
13.07.1999 07:00:00   ;     0
14.07.1999 07:00:00   ;     0
15.07.1999 07:00:00   ;     0
16.07.1999 07:00:00   ;     0
17.07.1999 07:00:00   ;     0
18.07.1999 07:00:00   ;     0
19.07.1999 07:00:00   ;     0
20.07.1999 07:00:00   ;     0
21.07.1999 07:00:00   ;     0
22.07.1999 07:00:00   ;     0
23.07.1999 07:00:00   ;     0
24.07.1999 07:00:00   ;     0
25.07.1999 07:00:00   ;     0
26.07.1999 07:00:00   ;     0
27.07.1999 07:00:00   ;     0
28.07.1999 07:00:00   ;     0
29.07.1999 07:00:00   ;     0
30.07.1999 07:00:00   ;     0
31.07.1999 07:00:00   ;     0
01.08.1999 07:00:00   ;     0
02.08.1999 07:00:00   ;     0
03.08.1999 07:00:00   ;     0
04.08.1999 07:00:00   ;     0
05.08.1999 07:00:00   ;     0
06.08.1999 07:00:00   ;     0
07.08.1999 07:00:00   ;     0
08.08.1999 07:00:00   ;     0
09.08.1999 07:00:00   ;     0
10.08.1999 07:00:00   ;     0
11.08.1999 07:00:00   ;     0
12.08.1999 07:00:00   ;     0
13.08.1999 07:00:00   ;     0
14.08.1999 07:00:00   ;     0
15.08.1999 07:00:00   ;     0
16.08.1999 07:00:00   ;     0
17.08.1999 07:00:00   ;     0
18.08.1999 07:00:00   ;     0
19.08.1999 07:00:00   ;     0
20.08.1999 07:00:00   ;     0
21.08.1999 07:00:00   ;     0
22.08.1999 07:00:00   ;     0
23.08.1999 07:00:00   ;     0
24.08.1999 07:00:00   ;     0
25.08.1999 07:00:00   ;     0
26.08.1999 07:00:00   ;     0
27.08.1999 07:00:00   ;     0
28.08.1999 07:00:00   ;     0
29.08.1999 07:00:00   ;     0
30.08.1999 07:00:00   ;     0
31.08.1999 07:00:00   ;     0
01.09.1999 07:00:00   ;     0
02.09.1999 07:00:00   ;     0
03.09.1999 07:00:00   ;     0
04.09.1999 07:00:00   ;     0
05.09.1999 07:00:00   ;     0
06.09.1999 07:00:00   ;     0
07.09.1999 07:00:00   ;     0
08.09.1999 07:00:00   ;     0
09.09.1999 07:00:00   ;     0
10.09.1999 07:00:00   ;     0
11.09.1999 07:00:00   ;     0
12.09.1999 07:00:00   ;     0
13.09.1999 07:00:00   ;     0
14.09.1999 07:00:00   ;     0
15.09.1999 07:00:00   ;     0
16.09.1999 07:00:00   ;     0
17.09.1999 07:00:00   ;     0
18.09.1999 07:00:00   ;     0
19.09.1999 07:00:00   ;     0
20.09.1999 07:00:00   ;     0
21.09.1999 07:00:00   ;     0
22.09.1999 07:00:00   ;     0
23.09.1999 07:00:00   ;     0
24.09.1999 07:00:00   ;     0
25.09.1999 07:00:00   ;     0
26.09.1999 07:00:00   ;     0
27.09.1999 07:00:00   ;     0
28.09.1999 07:00:00   ;     0
29.09.1999 07:00:00   ;     0
30.09.1999 07:00:00   ;     0
01.10.1999 07:00:00   ;     0
02.10.1999 07:00:00   ;     0
03.10.1999 07:00:00   ;     0
04.10.1999 07:00:00   ;     2
05.10.1999 07:00:00   ;     0
06.10.1999 07:00:00   ;     0
07.10.1999 07:00:00   ;     0
08.10.1999 07:00:00   ;     0
09.10.1999 07:00:00   ;     0
10.10.1999 07:00:00   ;     0
11.10.1999 07:00:00   ;     0
12.10.1999 07:00:00   ;     0
13.10.1999 07:00:00   ;     0
14.10.1999 07:00:00   ;     0
15.10.1999 07:00:00   ;     0
16.10.1999 07:00:00   ;     0
17.10.1999 07:00:00   ;     0
18.10.1999 07:00:00   ;     1
19.10.1999 07:00:00   ;     1
20.10.1999 07:00:00   ;     0
21.10.1999 07:00:00   ;     0
22.10.1999 07:00:00   ;     0
23.10.1999 07:00:00   ;     0
24.10.1999 07:00:00   ;     0
25.10.1999 07:00:00   ;     0
26.10.1999 07:00:00   ;     0
27.10.1999 07:00:00   ;     0
28.10.1999 07:00:00   ;     0
29.10.1999 07:00:00   ;     0
30.10.1999 07:00:00   ;     0
31.10.1999 07:00:00   ;     0
01.11.1999 07:00:00   ;     0
02.11.1999 07:00:00   ;     0
03.11.1999 07:00:00   ;     0
04.11.1999 07:00:00   ;     0
05.11.1999 07:00:00   ;     0
06.11.1999 07:00:00   ;     0
07.11.1999 07:00:00   ;     5
08.11.1999 07:00:00   ;     0
09.11.1999 07:00:00   ;     1
10.11.1999 07:00:00   ;     1
11.11.1999 07:00:00   ;     2
12.11.1999 07:00:00   ;     0
13.11.1999 07:00:00   ;     0
14.11.1999 07:00:00   ;     0
15.11.1999 07:00:00   ;     3
16.11.1999 07:00:00   ;     8
17.11.1999 07:00:00   ;     7
18.11.1999 07:00:00   ;    14
19.11.1999 07:00:00   ;    12
20.11.1999 07:00:00   ;    10
21.11.1999 07:00:00   ;    10
22.11.1999 07:00:00   ;    20
23.11.1999 07:00:00   ;    18
24.11.1999 07:00:00   ;    15
25.11.1999 07:00:00   ;    12
26.11.1999 07:00:00   ;    12
27.11.1999 07:00:00   ;    12
28.11.1999 07:00:00   ;    12
29.11.1999 07:00:00   ;    11
30.11.1999 07:00:00   ;    11
01.12.1999 07:00:00   ;     9
02.12.1999 07:00:00   ;     8
03.12.1999 07:00:00   ;     6
04.12.1999 07:00:00   ;     3
05.12.1999 07:00:00   ;     5
06.12.1999 07:00:00   ;     5
07.12.1999 07:00:00   ;     4
08.12.1999 07:00:00   ;     2
09.12.1999 07:00:00   ;     2
10.12.1999 07:00:00   ;     3
11.12.1999 07:00:00   ;    16
12.12.1999 07:00:00   ;    10
13.12.1999 07:00:00   ;    18
14.12.1999 07:00:00   ;    14
15.12.1999 07:00:00   ;    18
16.12.1999 07:00:00   ;    18
17.12.1999 07:00:00   ;    16
18.12.1999 07:00:00   ;    15
19.12.1999 07:00:00   ;    14
20.12.1999 07:00:00   ;    14
21.12.1999 07:00:00   ;    14
22.12.1999 07:00:00   ;    13
23.12.1999 07:00:00   ;    13
24.12.1999 07:00:00   ;    13
25.12.1999 07:00:00   ;    11
26.12.1999 07:00:00   ;    16
27.12.1999 07:00:00   ;    40
28.12.1999 07:00:00   ;    46
29.12.1999 07:00:00   ;    48
30.12.1999 07:00:00   ;    40
31.12.1999 07:00:00   ;    36
01.01.2000 07:00:00   ;    30
02.01.2000 07:00:00   ;    29
03.01.2000 07:00:00   ;    29
04.01.2000 07:00:00   ;    27
05.01.2000 07:00:00   ;    25
06.01.2000 07:00:00   ;    25
07.01.2000 07:00:00   ;    25
08.01.2000 07:00:00   ;    24
09.01.2000 07:00:00   ;    23
10.01.2000 07:00:00   ;    23
11.01.2000 07:00:00   ;    23
12.01.2000 07:00:00   ;    23
13.01.2000 07:00:00   ;    23
14.01.2000 07:00:00   ;    23
15.01.2000 07:00:00   ;    22
16.01.2000 07:00:00   ;    21
17.01.2000 07:00:00   ;    19
18.01.2000 07:00:00   ;    16
19.01.2000 07:00:00   ;    19
20.01.2000 07:00:00   ;    17
21.01.2000 07:00:00   ;    16
22.01.2000 07:00:00   ;    16
23.01.2000 07:00:00   ;    14
24.01.2000 07:00:00   ;    11
25.01.2000 07:00:00   ;    11
26.01.2000 07:00:00   ;    11
27.01.2000 07:00:00   ;    11
28.01.2000 07:00:00   ;    10
29.01.2000 07:00:00   ;    10
30.01.2000 07:00:00   ;    20
31.01.2000 07:00:00   ;    25
01.02.2000 07:00:00   ;    23
02.02.2000 07:00:00   ;    20
03.02.2000 07:00:00   ;    18
04.02.2000 07:00:00   ;    17
05.02.2000 07:00:00   ;    16
06.02.2000 07:00:00   ;    15
07.02.2000 07:00:00   ;    14
08.02.2000 07:00:00   ;    12
09.02.2000 07:00:00   ;     8
10.02.2000 07:00:00   ;     7
11.02.2000 07:00:00   ;     6
12.02.2000 07:00:00   ;     6
13.02.2000 07:00:00   ;     5
14.02.2000 07:00:00   ;     5
15.02.2000 07:00:00   ;     2
16.02.2000 07:00:00   ;     0
17.02.2000 07:00:00   ;     7
18.02.2000 07:00:00   ;     5
19.02.2000 07:00:00   ;     5
20.02.2000 07:00:00   ;     5
21.02.2000 07:00:00   ;     3
22.02.2000 07:00:00   ;     1
23.02.2000 07:00:00   ;     0
24.02.2000 07:00:00   ;     0
25.02.2000 07:00:00   ;     0
26.02.2000 07:00:00   ;     0
27.02.2000 07:00:00   ;     0
28.02.2000 07:00:00   ;     0
29.02.2000 07:00:00   ;     0
01.03.2000 07:00:00   ;     5
02.03.2000 07:00:00   ;    15
03.03.2000 07:00:00   ;     8
04.03.2000 07:00:00   ;     4
05.03.2000 07:00:00   ;     2
06.03.2000 07:00:00   ;     1
07.03.2000 07:00:00   ;     0
08.03.2000 07:00:00   ;     0
09.03.2000 07:00:00   ;     0
10.03.2000 07:00:00   ;     0
11.03.2000 07:00:00   ;     0
12.03.2000 07:00:00   ;     0
13.03.2000 07:00:00   ;     0
14.03.2000 07:00:00   ;     1
15.03.2000 07:00:00   ;     1
16.03.2000 07:00:00   ;     1
17.03.2000 07:00:00   ;    15
18.03.2000 07:00:00   ;    22
19.03.2000 07:00:00   ;    12
20.03.2000 07:00:00   ;     5
21.03.2000 07:00:00   ;     0
22.03.2000 07:00:00   ;     0
23.03.2000 07:00:00   ;     0
24.03.2000 07:00:00   ;     0
25.03.2000 07:00:00   ;     0
26.03.2000 07:00:00   ;     0
27.03.2000 07:00:00   ;     5
28.03.2000 07:00:00   ;     3
29.03.2000 07:00:00   ;    30
30.03.2000 07:00:00   ;    67
31.03.2000 07:00:00   ;    49
01.04.2000 07:00:00   ;    35
02.04.2000 07:00:00   ;    25
03.04.2000 07:00:00   ;    21
04.04.2000 07:00:00   ;    16
05.04.2000 07:00:00   ;    13
06.04.2000 07:00:00   ;    10
07.04.2000 07:00:00   ;     5
08.04.2000 07:00:00   ;     0
09.04.2000 07:00:00   ;     0
10.04.2000 07:00:00   ;     0
11.04.2000 07:00:00   ;     0
12.04.2000 07:00:00   ;     0
13.04.2000 07:00:00   ;     1
14.04.2000 07:00:00   ;     0
15.04.2000 07:00:00   ;     0
16.04.2000 07:00:00   ;     2
17.04.2000 07:00:00   ;     0
18.04.2000 07:00:00   ;     0
19.04.2000 07:00:00   ;     3
20.04.2000 07:00:00   ;     0
21.04.2000 07:00:00   ;     0
22.04.2000 07:00:00   ;     0
23.04.2000 07:00:00   ;     0
24.04.2000 07:00:00   ;     0
25.04.2000 07:00:00   ;     0
26.04.2000 07:00:00   ;     0
27.04.2000 07:00:00   ;     0
28.04.2000 07:00:00   ;     0
29.04.2000 07:00:00   ;     0
30.04.2000 07:00:00   ;     0
01.05.2000 07:00:00   ;     0
02.05.2000 07:00:00   ;     0
03.05.2000 07:00:00   ;     0
04.05.2000 07:00:00   ;     0
05.05.2000 07:00:00   ;     0
06.05.2000 07:00:00   ;     0
07.05.2000 07:00:00   ;     0
08.05.2000 07:00:00   ;     0
09.05.2000 07:00:00   ;     0
10.05.2000 07:00:00   ;     0
11.05.2000 07:00:00   ;     0
12.05.2000 07:00:00   ;     0
13.05.2000 07:00:00   ;     0
14.05.2000 07:00:00   ;     0
15.05.2000 07:00:00   ;     0
16.05.2000 07:00:00   ;     0
17.05.2000 07:00:00   ;     0
18.05.2000 07:00:00   ;     0
19.05.2000 07:00:00   ;     0
20.05.2000 07:00:00   ;     2
21.05.2000 07:00:00   ;     0
22.05.2000 07:00:00   ;     0
23.05.2000 07:00:00   ;     0
24.05.2000 07:00:00   ;     0
25.05.2000 07:00:00   ;     0
26.05.2000 07:00:00   ;     0
27.05.2000 07:00:00   ;     0
28.05.2000 07:00:00   ;     0
29.05.2000 07:00:00   ;     0
30.05.2000 07:00:00   ;     0
31.05.2000 07:00:00   ;     0
01.06.2000 07:00:00   ;     0
02.06.2000 07:00:00   ;     0
03.06.2000 07:00:00   ;     0
04.06.2000 07:00:00   ;     0
05.06.2000 07:00:00   ;     0
06.06.2000 07:00:00   ;     0
07.06.2000 07:00:00   ;     0
08.06.2000 07:00:00   ;     0
09.06.2000 07:00:00   ;     0
10.06.2000 07:00:00   ;     0
11.06.2000 07:00:00   ;     0
12.06.2000 07:00:00   ;     0
13.06.2000 07:00:00   ;     0
14.06.2000 07:00:00   ;     0
15.06.2000 07:00:00   ;     0
16.06.2000 07:00:00   ;     0
17.06.2000 07:00:00   ;     0
18.06.2000 07:00:00   ;     0
19.06.2000 07:00:00   ;     0
20.06.2000 07:00:00   ;     0
21.06.2000 07:00:00   ;     0
22.06.2000 07:00:00   ;     0
23.06.2000 07:00:00   ;     0
24.06.2000 07:00:00   ;     0
25.06.2000 07:00:00   ;     0
26.06.2000 07:00:00   ;     0
27.06.2000 07:00:00   ;     0
28.06.2000 07:00:00   ;     0
29.06.2000 07:00:00   ;     0
30.06.2000 07:00:00   ;     0
01.07.2000 07:00:00   ;     0
02.07.2000 07:00:00   ;     0
03.07.2000 07:00:00   ;     0
04.07.2000 07:00:00   ;     0
05.07.2000 07:00:00   ;     0
06.07.2000 07:00:00   ;     0
07.07.2000 07:00:00   ;     0
08.07.2000 07:00:00   ;     0
09.07.2000 07:00:00   ;     0
10.07.2000 07:00:00   ;     0
11.07.2000 07:00:00   ;     0
12.07.2000 07:00:00   ;     0
13.07.2000 07:00:00   ;     0
14.07.2000 07:00:00   ;     0
15.07.2000 07:00:00   ;     0
16.07.2000 07:00:00   ;     0
17.07.2000 07:00:00   ;     0
18.07.2000 07:00:00   ;     0
19.07.2000 07:00:00   ;     0
20.07.2000 07:00:00   ;     0
21.07.2000 07:00:00   ;     0
22.07.2000 07:00:00   ;     0
23.07.2000 07:00:00   ;     0
24.07.2000 07:00:00   ;     0
25.07.2000 07:00:00   ;     0
26.07.2000 07:00:00   ;     0
27.07.2000 07:00:00   ;     0
28.07.2000 07:00:00   ;     0
29.07.2000 07:00:00   ;     0
30.07.2000 07:00:00   ;     0
31.07.2000 07:00:00   ;     0
01.08.2000 07:00:00   ;     0
02.08.2000 07:00:00   ;     0
03.08.2000 07:00:00   ;     0
04.08.2000 07:00:00   ;     0
05.08.2000 07:00:00   ;     0
06.08.2000 07:00:00   ;     0
07.08.2000 07:00:00   ;     0
08.08.2000 07:00:00   ;     0
09.08.2000 07:00:00   ;     0
10.08.2000 07:00:00   ;     0
11.08.2000 07:00:00   ;     0
12.08.2000 07:00:00   ;     0
13.08.2000 07:00:00   ;     0
14.08.2000 07:00:00   ;     0
15.08.2000 07:00:00   ;     0
16.08.2000 07:00:00   ;     0
17.08.2000 07:00:00   ;     0
18.08.2000 07:00:00   ;     0
19.08.2000 07:00:00   ;     0
20.08.2000 07:00:00   ;     0
21.08.2000 07:00:00   ;     0
22.08.2000 07:00:00   ;     0
23.08.2000 07:00:00   ;     0
24.08.2000 07:00:00   ;     0
25.08.2000 07:00:00   ;     0
26.08.2000 07:00:00   ;     0
27.08.2000 07:00:00   ;     0
28.08.2000 07:00:00   ;     0
29.08.2000 07:00:00   ;     0
30.08.2000 07:00:00   ;     0
31.08.2000 07:00:00   ;     0
01.09.2000 07:00:00   ;     0
02.09.2000 07:00:00   ;     0
03.09.2000 07:00:00   ;     0
04.09.2000 07:00:00   ;     0
05.09.2000 07:00:00   ;     0
06.09.2000 07:00:00   ;     0
07.09.2000 07:00:00   ;     0
08.09.2000 07:00:00   ;     0
09.09.2000 07:00:00   ;     0
10.09.2000 07:00:00   ;     0
11.09.2000 07:00:00   ;     0
12.09.2000 07:00:00   ;     0
13.09.2000 07:00:00   ;     0
14.09.2000 07:00:00   ;     0
15.09.2000 07:00:00   ;     0
16.09.2000 07:00:00   ;     0
17.09.2000 07:00:00   ;     0
18.09.2000 07:00:00   ;     0
19.09.2000 07:00:00   ;     0
20.09.2000 07:00:00   ;     0
21.09.2000 07:00:00   ;     0
22.09.2000 07:00:00   ;     0
23.09.2000 07:00:00   ;     0
24.09.2000 07:00:00   ;     0
25.09.2000 07:00:00   ;     0
26.09.2000 07:00:00   ;     0
27.09.2000 07:00:00   ;     0
28.09.2000 07:00:00   ;     0
29.09.2000 07:00:00   ;     0
30.09.2000 07:00:00   ;     0
01.10.2000 07:00:00   ;     0
02.10.2000 07:00:00   ;     0
03.10.2000 07:00:00   ;     0
04.10.2000 07:00:00   ;     0
05.10.2000 07:00:00   ;     0
06.10.2000 07:00:00   ;     0
07.10.2000 07:00:00   ;    15
08.10.2000 07:00:00   ;    49
09.10.2000 07:00:00   ;    25
10.10.2000 07:00:00   ;    15
11.10.2000 07:00:00   ;    10
12.10.2000 07:00:00   ;     3
13.10.2000 07:00:00   ;     0
14.10.2000 07:00:00   ;     0
15.10.2000 07:00:00   ;     0
16.10.2000 07:00:00   ;     0
17.10.2000 07:00:00   ;     0
18.10.2000 07:00:00   ;     0
19.10.2000 07:00:00   ;     0
20.10.2000 07:00:00   ;     0
21.10.2000 07:00:00   ;     0
22.10.2000 07:00:00   ;     0
23.10.2000 07:00:00   ;     0
24.10.2000 07:00:00   ;     0
25.10.2000 07:00:00   ;     0
26.10.2000 07:00:00   ;     0
27.10.2000 07:00:00   ;     0
28.10.2000 07:00:00   ;     0
29.10.2000 07:00:00   ;     0
30.10.2000 07:00:00   ;     0
31.10.2000 07:00:00   ;     0
01.11.2000 07:00:00   ;     5
02.11.2000 07:00:00   ;     0
03.11.2000 07:00:00   ;     0
04.11.2000 07:00:00   ;     0
05.11.2000 07:00:00   ;     0
06.11.2000 07:00:00   ;     1
07.11.2000 07:00:00   ;    26
08.11.2000 07:00:00   ;    36
09.11.2000 07:00:00   ;    32
10.11.2000 07:00:00   ;    25
11.11.2000 07:00:00   ;    22
12.11.2000 07:00:00   ;    20
13.11.2000 07:00:00   ;    18
14.11.2000 07:00:00   ;    15
15.11.2000 07:00:00   ;     6
16.11.2000 07:00:00   ;     6
17.11.2000 07:00:00   ;     3
18.11.2000 07:00:00   ;     2
19.11.2000 07:00:00   ;    20
20.11.2000 07:00:00   ;    16
21.11.2000 07:00:00   ;    24
22.11.2000 07:00:00   ;    26
23.11.2000 07:00:00   ;    24
24.11.2000 07:00:00   ;    20
25.11.2000 07:00:00   ;    40
26.11.2000 07:00:00   ;    49
27.11.2000 07:00:00   ;    42
28.11.2000 07:00:00   ;    35
29.11.2000 07:00:00   ;    34
30.11.2000 07:00:00   ;    30
01.12.2000 07:00:00   ;    26
02.12.2000 07:00:00   ;    21
03.12.2000 07:00:00   ;    20
04.12.2000 07:00:00   ;    18
05.12.2000 07:00:00   ;    16
06.12.2000 07:00:00   ;    15
07.12.2000 07:00:00   ;    13
08.12.2000 07:00:00   ;    11
09.12.2000 07:00:00   ;     8
10.12.2000 07:00:00   ;     6
11.12.2000 07:00:00   ;     3
12.12.2000 07:00:00   ;     2
13.12.2000 07:00:00   ;     0
14.12.2000 07:00:00   ;     0
15.12.2000 07:00:00   ;     1
16.12.2000 07:00:00   ;    27
17.12.2000 07:00:00   ;    20
18.12.2000 07:00:00   ;    17
19.12.2000 07:00:00   ;    16
20.12.2000 07:00:00   ;    12
21.12.2000 07:00:00   ;    12
22.12.2000 07:00:00   ;    12
23.12.2000 07:00:00   ;    11
24.12.2000 07:00:00   ;     8
25.12.2000 07:00:00   ;     8
26.12.2000 07:00:00   ;    11
27.12.2000 07:00:00   ;    12
28.12.2000 07:00:00   ;    17
29.12.2000 07:00:00   ;    19
30.12.2000 07:00:00   ;    25
31.12.2000 07:00:00   ;    23
01.01.2001 07:00:00   ;    23
02.01.2001 07:00:00   ;    22
03.01.2001 07:00:00   ;    30
04.01.2001 07:00:00   ;    28
05.01.2001 07:00:00   ;    28
06.01.2001 07:00:00   ;    27
07.01.2001 07:00:00   ;    20
08.01.2001 07:00:00   ;    24
09.01.2001 07:00:00   ;    35
10.01.2001 07:00:00   ;    27
11.01.2001 07:00:00   ;    27
12.01.2001 07:00:00   ;    26
13.01.2001 07:00:00   ;    25
14.01.2001 07:00:00   ;    25
15.01.2001 07:00:00   ;    25
16.01.2001 07:00:00   ;    25
17.01.2001 07:00:00   ;    25
18.01.2001 07:00:00   ;    26
19.01.2001 07:00:00   ;    34
20.01.2001 07:00:00   ;    31
21.01.2001 07:00:00   ;    31
22.01.2001 07:00:00   ;    31
23.01.2001 07:00:00   ;    31
24.01.2001 07:00:00   ;    28
25.01.2001 07:00:00   ;    28
26.01.2001 07:00:00   ;    29
27.01.2001 07:00:00   ;    30
28.01.2001 07:00:00   ;    35
29.01.2001 07:00:00   ;    34
30.01.2001 07:00:00   ;    34
31.01.2001 07:00:00   ;    36
01.02.2001 07:00:00   ;    36
02.02.2001 07:00:00   ;    36
03.02.2001 07:00:00   ;    37
04.02.2001 07:00:00   ;    39
05.02.2001 07:00:00   ;    37
06.02.2001 07:00:00   ;    33
07.02.2001 07:00:00   ;    30
08.02.2001 07:00:00   ;    28
09.02.2001 07:00:00   ;    30
10.02.2001 07:00:00   ;    31
11.02.2001 07:00:00   ;    29
12.02.2001 07:00:00   ;    26
13.02.2001 07:00:00   ;    24
14.02.2001 07:00:00   ;    24
15.02.2001 07:00:00   ;    24
16.02.2001 07:00:00   ;    22
17.02.2001 07:00:00   ;    18
18.02.2001 07:00:00   ;    18
19.02.2001 07:00:00   ;    18
20.02.2001 07:00:00   ;    18
21.02.2001 07:00:00   ;    18
22.02.2001 07:00:00   ;    22
23.02.2001 07:00:00   ;    28
24.02.2001 07:00:00   ;    27
25.02.2001 07:00:00   ;    26
26.02.2001 07:00:00   ;    23
27.02.2001 07:00:00   ;    23
28.02.2001 07:00:00   ;    23
01.03.2001 07:00:00   ;    34
02.03.2001 07:00:00   ;    33
03.03.2001 07:00:00   ;    37
04.03.2001 07:00:00   ;    27
05.03.2001 07:00:00   ;    23
06.03.2001 07:00:00   ;    21
07.03.2001 07:00:00   ;    17
08.03.2001 07:00:00   ;    15
09.03.2001 07:00:00   ;    15
10.03.2001 07:00:00   ;    27
11.03.2001 07:00:00   ;    15
12.03.2001 07:00:00   ;    12
13.03.2001 07:00:00   ;     8
14.03.2001 07:00:00   ;    18
15.03.2001 07:00:00   ;    13
16.03.2001 07:00:00   ;     9
17.03.2001 07:00:00   ;     0
18.03.2001 07:00:00   ;     0
19.03.2001 07:00:00   ;     0
20.03.2001 07:00:00   ;     0
21.03.2001 07:00:00   ;     0
22.03.2001 07:00:00   ;     0
23.03.2001 07:00:00   ;     0
24.03.2001 07:00:00   ;     0
25.03.2001 07:00:00   ;     0
26.03.2001 07:00:00   ;     0
27.03.2001 07:00:00   ;    12
28.03.2001 07:00:00   ;     0
29.03.2001 07:00:00   ;     2
30.03.2001 07:00:00   ;    15
31.03.2001 07:00:00   ;     6
01.04.2001 07:00:00   ;     0
02.04.2001 07:00:00   ;     0
03.04.2001 07:00:00   ;     0
04.04.2001 07:00:00   ;     0
05.04.2001 07:00:00   ;     8
06.04.2001 07:00:00   ;     0
07.04.2001 07:00:00   ;     0
08.04.2001 07:00:00   ;    12
09.04.2001 07:00:00   ;     0
10.04.2001 07:00:00   ;     0
11.04.2001 07:00:00   ;    12
12.04.2001 07:00:00   ;     0
13.04.2001 07:00:00   ;     0
14.04.2001 07:00:00   ;     1
15.04.2001 07:00:00   ;     0
16.04.2001 07:00:00   ;     5
17.04.2001 07:00:00   ;     2
18.04.2001 07:00:00   ;     0
19.04.2001 07:00:00   ;     5
20.04.2001 07:00:00   ;    20
21.04.2001 07:00:00   ;    35
22.04.2001 07:00:00   ;    25
23.04.2001 07:00:00   ;    18
24.04.2001 07:00:00   ;     5
25.04.2001 07:00:00   ;     0
26.04.2001 07:00:00   ;     6
27.04.2001 07:00:00   ;     0
28.04.2001 07:00:00   ;     0
29.04.2001 07:00:00   ;     0
30.04.2001 07:00:00   ;     0
01.05.2001 07:00:00   ;     0
02.05.2001 07:00:00   ;     0
03.05.2001 07:00:00   ;     0
04.05.2001 07:00:00   ;     0
05.05.2001 07:00:00   ;     0
06.05.2001 07:00:00   ;     0
07.05.2001 07:00:00   ;     0
08.05.2001 07:00:00   ;     0
09.05.2001 07:00:00   ;     0
10.05.2001 07:00:00   ;     0
11.05.2001 07:00:00   ;     0
12.05.2001 07:00:00   ;     0
13.05.2001 07:00:00   ;     0
14.05.2001 07:00:00   ;     0
15.05.2001 07:00:00   ;     0
16.05.2001 07:00:00   ;     0
17.05.2001 07:00:00   ;     0
18.05.2001 07:00:00   ;     0
19.05.2001 07:00:00   ;     0
20.05.2001 07:00:00   ;     0
21.05.2001 07:00:00   ;     0
22.05.2001 07:00:00   ;     0
23.05.2001 07:00:00   ;     0
24.05.2001 07:00:00   ;     0
25.05.2001 07:00:00   ;     0
26.05.2001 07:00:00   ;     0
27.05.2001 07:00:00   ;     0
28.05.2001 07:00:00   ;     0
29.05.2001 07:00:00   ;     0
30.05.2001 07:00:00   ;     0
31.05.2001 07:00:00   ;     0
01.06.2001 07:00:00   ;     0
02.06.2001 07:00:00   ;     0
03.06.2001 07:00:00   ;     0
04.06.2001 07:00:00   ;     4
05.06.2001 07:00:00   ;     0
06.06.2001 07:00:00   ;     0
07.06.2001 07:00:00   ;     0
08.06.2001 07:00:00   ;     0
09.06.2001 07:00:00   ;     0
10.06.2001 07:00:00   ;     0
11.06.2001 07:00:00   ;     0
12.06.2001 07:00:00   ;     0
13.06.2001 07:00:00   ;     0
14.06.2001 07:00:00   ;     0
15.06.2001 07:00:00   ;     0
16.06.2001 07:00:00   ;     0
17.06.2001 07:00:00   ;     0
18.06.2001 07:00:00   ;     0
19.06.2001 07:00:00   ;     0
20.06.2001 07:00:00   ;     0
21.06.2001 07:00:00   ;     0
22.06.2001 07:00:00   ;     0
23.06.2001 07:00:00   ;     0
24.06.2001 07:00:00   ;     0
25.06.2001 07:00:00   ;     0
26.06.2001 07:00:00   ;     0
27.06.2001 07:00:00   ;     0
28.06.2001 07:00:00   ;     0
29.06.2001 07:00:00   ;     0
30.06.2001 07:00:00   ;     0
01.07.2001 07:00:00   ;     0
02.07.2001 07:00:00   ;     0
03.07.2001 07:00:00   ;     0
04.07.2001 07:00:00   ;     0
05.07.2001 07:00:00   ;     0
06.07.2001 07:00:00   ;     0
07.07.2001 07:00:00   ;     0
08.07.2001 07:00:00   ;     0
09.07.2001 07:00:00   ;     0
10.07.2001 07:00:00   ;     0
11.07.2001 07:00:00   ;     0
12.07.2001 07:00:00   ;     0
13.07.2001 07:00:00   ;     0
14.07.2001 07:00:00   ;     0
15.07.2001 07:00:00   ;     0
16.07.2001 07:00:00   ;     0
17.07.2001 07:00:00   ;     0
18.07.2001 07:00:00   ;     0
19.07.2001 07:00:00   ;     0
20.07.2001 07:00:00   ;     0
21.07.2001 07:00:00   ;     0
22.07.2001 07:00:00   ;     0
23.07.2001 07:00:00   ;     0
24.07.2001 07:00:00   ;     0
25.07.2001 07:00:00   ;     0
26.07.2001 07:00:00   ;     0
27.07.2001 07:00:00   ;     0
28.07.2001 07:00:00   ;     0
29.07.2001 07:00:00   ;     0
30.07.2001 07:00:00   ;     0
31.07.2001 07:00:00   ;     0
01.08.2001 07:00:00   ;     0
02.08.2001 07:00:00   ;     0
03.08.2001 07:00:00   ;     0
04.08.2001 07:00:00   ;     0
05.08.2001 07:00:00   ;     0
06.08.2001 07:00:00   ;     0
07.08.2001 07:00:00   ;     0
08.08.2001 07:00:00   ;     0
09.08.2001 07:00:00   ;     0
10.08.2001 07:00:00   ;     0
11.08.2001 07:00:00   ;     0
12.08.2001 07:00:00   ;     0
13.08.2001 07:00:00   ;     0
14.08.2001 07:00:00   ;     0
15.08.2001 07:00:00   ;     0
16.08.2001 07:00:00   ;     0
17.08.2001 07:00:00   ;     0
18.08.2001 07:00:00   ;     0
19.08.2001 07:00:00   ;     0
20.08.2001 07:00:00   ;     0
21.08.2001 07:00:00   ;     0
22.08.2001 07:00:00   ;     0
23.08.2001 07:00:00   ;     0
24.08.2001 07:00:00   ;     0
25.08.2001 07:00:00   ;     0
26.08.2001 07:00:00   ;     0
27.08.2001 07:00:00   ;     0
28.08.2001 07:00:00   ;     0
29.08.2001 07:00:00   ;     0
30.08.2001 07:00:00   ;     0
31.08.2001 07:00:00   ;     0
01.09.2001 07:00:00   ;     0
02.09.2001 07:00:00   ;     0
03.09.2001 07:00:00   ;     0
04.09.2001 07:00:00   ;     0
05.09.2001 07:00:00   ;     0
06.09.2001 07:00:00   ;     0
07.09.2001 07:00:00   ;     0
08.09.2001 07:00:00   ;     0
09.09.2001 07:00:00   ;     0
10.09.2001 07:00:00   ;     0
11.09.2001 07:00:00   ;     0
12.09.2001 07:00:00   ;     0
13.09.2001 07:00:00   ;     0
14.09.2001 07:00:00   ;     0
15.09.2001 07:00:00   ;     0
16.09.2001 07:00:00   ;     0
17.09.2001 07:00:00   ;     0
18.09.2001 07:00:00   ;     0
19.09.2001 07:00:00   ;     0
20.09.2001 07:00:00   ;     0
21.09.2001 07:00:00   ;     0
22.09.2001 07:00:00   ;     0
23.09.2001 07:00:00   ;     0
24.09.2001 07:00:00   ;     0
25.09.2001 07:00:00   ;     0
26.09.2001 07:00:00   ;     0
27.09.2001 07:00:00   ;     0
28.09.2001 07:00:00   ;     0
29.09.2001 07:00:00   ;     0
30.09.2001 07:00:00   ;     0
01.10.2001 07:00:00   ;     0
02.10.2001 07:00:00   ;     0
03.10.2001 07:00:00   ;     0
04.10.2001 07:00:00   ;     0
05.10.2001 07:00:00   ;     0
06.10.2001 07:00:00   ;     0
07.10.2001 07:00:00   ;     0
08.10.2001 07:00:00   ;     0
09.10.2001 07:00:00   ;     0
10.10.2001 07:00:00   ;     0
11.10.2001 07:00:00   ;     0
12.10.2001 07:00:00   ;     0
13.10.2001 07:00:00   ;     0
14.10.2001 07:00:00   ;     0
15.10.2001 07:00:00   ;     0
16.10.2001 07:00:00   ;     0
17.10.2001 07:00:00   ;     0
18.10.2001 07:00:00   ;     0
19.10.2001 07:00:00   ;     0
20.10.2001 07:00:00   ;     0
21.10.2001 07:00:00   ;     0
22.10.2001 07:00:00   ;     0
23.10.2001 07:00:00   ;     0
24.10.2001 07:00:00   ;     0
25.10.2001 07:00:00   ;     0
26.10.2001 07:00:00   ;     0
27.10.2001 07:00:00   ;     0
28.10.2001 07:00:00   ;     0
29.10.2001 07:00:00   ;     0
30.10.2001 07:00:00   ;     0
31.10.2001 07:00:00   ;     0
01.11.2001 07:00:00   ;     0
02.11.2001 07:00:00   ;     0
03.11.2001 07:00:00   ;     0
04.11.2001 07:00:00   ;     0
05.11.2001 07:00:00   ;     0
06.11.2001 07:00:00   ;     0
07.11.2001 07:00:00   ;     0
08.11.2001 07:00:00   ;     0
09.11.2001 07:00:00   ;     5
10.11.2001 07:00:00   ;    10
11.11.2001 07:00:00   ;     8
12.11.2001 07:00:00   ;     0
13.11.2001 07:00:00   ;     0
14.11.2001 07:00:00   ;     0
15.11.2001 07:00:00   ;     0
16.11.2001 07:00:00   ;     0
17.11.2001 07:00:00   ;     0
18.11.2001 07:00:00   ;     0
19.11.2001 07:00:00   ;     0
20.11.2001 07:00:00   ;     0
21.11.2001 07:00:00   ;     0
22.11.2001 07:00:00   ;     0
23.11.2001 07:00:00   ;     1
24.11.2001 07:00:00   ;     2
25.11.2001 07:00:00   ;     0
26.11.2001 07:00:00   ;     1
27.11.2001 07:00:00   ;     0
28.11.2001 07:00:00   ;     4
29.11.2001 07:00:00   ;     2
30.11.2001 07:00:00   ;     5
01.12.2001 07:00:00   ;     3
02.12.2001 07:00:00   ;     1
03.12.2001 07:00:00   ;     0
04.12.2001 07:00:00   ;     0
05.12.2001 07:00:00   ;     0
06.12.2001 07:00:00   ;     1
07.12.2001 07:00:00   ;     4
08.12.2001 07:00:00   ;     2
09.12.2001 07:00:00   ;     1
10.12.2001 07:00:00   ;     1
11.12.2001 07:00:00   ;     0
12.12.2001 07:00:00   ;     0
13.12.2001 07:00:00   ;     0
14.12.2001 07:00:00   ;     0
15.12.2001 07:00:00   ;     0
16.12.2001 07:00:00   ;     0
17.12.2001 07:00:00   ;     0
18.12.2001 07:00:00   ;     1
19.12.2001 07:00:00   ;     0
20.12.2001 07:00:00   ;     0
21.12.2001 07:00:00   ;     0
22.12.2001 07:00:00   ;     0
23.12.2001 07:00:00   ;     0
24.12.2001 07:00:00   ;     0
25.12.2001 07:00:00   ;     0
26.12.2001 07:00:00   ;     0
27.12.2001 07:00:00   ;     2
28.12.2001 07:00:00   ;     0
29.12.2001 07:00:00   ;     0
30.12.2001 07:00:00   ;     1
31.12.2001 07:00:00   ;     0
01.01.2002 07:00:00   ;     0
02.01.2002 07:00:00   ;     0
03.01.2002 07:00:00   ;     0
04.01.2002 07:00:00   ;     0
05.01.2002 07:00:00   ;     0
06.01.2002 07:00:00   ;     0
07.01.2002 07:00:00   ;     0
08.01.2002 07:00:00   ;     0
09.01.2002 07:00:00   ;     0
10.01.2002 07:00:00   ;     0
11.01.2002 07:00:00   ;     0
12.01.2002 07:00:00   ;     0
13.01.2002 07:00:00   ;     0
14.01.2002 07:00:00   ;     1
15.01.2002 07:00:00   ;     0
16.01.2002 07:00:00   ;     4
17.01.2002 07:00:00   ;     0
18.01.2002 07:00:00   ;     0
19.01.2002 07:00:00   ;     0
20.01.2002 07:00:00   ;     0
21.01.2002 07:00:00   ;     0
22.01.2002 07:00:00   ;     0
23.01.2002 07:00:00   ;     0
24.01.2002 07:00:00   ;     0
25.01.2002 07:00:00   ;     3
26.01.2002 07:00:00   ;     0
27.01.2002 07:00:00   ;     0
28.01.2002 07:00:00   ;     0
29.01.2002 07:00:00   ;     0
30.01.2002 07:00:00   ;     0
31.01.2002 07:00:00   ;     0
01.02.2002 07:00:00   ;     0
02.02.2002 07:00:00   ;     0
03.02.2002 07:00:00   ;     0
04.02.2002 07:00:00   ;     0
05.02.2002 07:00:00   ;     0
06.02.2002 07:00:00   ;     0
07.02.2002 07:00:00   ;    25
08.02.2002 07:00:00   ;    17
09.02.2002 07:00:00   ;    12
10.02.2002 07:00:00   ;     8
11.02.2002 07:00:00   ;     8
12.02.2002 07:00:00   ;     5
13.02.2002 07:00:00   ;     0
14.02.2002 07:00:00   ;     0
15.02.2002 07:00:00   ;     6
16.02.2002 07:00:00   ;    27
17.02.2002 07:00:00   ;    31
18.02.2002 07:00:00   ;    25
19.02.2002 07:00:00   ;    18
20.02.2002 07:00:00   ;    16
21.02.2002 07:00:00   ;    15
22.02.2002 07:00:00   ;    15
23.02.2002 07:00:00   ;    15
24.02.2002 07:00:00   ;    13
25.02.2002 07:00:00   ;    14
26.02.2002 07:00:00   ;    13
27.02.2002 07:00:00   ;    12
28.02.2002 07:00:00   ;     6
01.03.2002 07:00:00   ;     8
02.03.2002 07:00:00   ;    16
03.03.2002 07:00:00   ;    21
04.03.2002 07:00:00   ;    28
05.03.2002 07:00:00   ;    15
06.03.2002 07:00:00   ;    13
07.03.2002 07:00:00   ;    10
08.03.2002 07:00:00   ;     5
09.03.2002 07:00:00   ;     0
10.03.2002 07:00:00   ;     0
11.03.2002 07:00:00   ;     0
12.03.2002 07:00:00   ;     0
13.03.2002 07:00:00   ;     0
14.03.2002 07:00:00   ;     0
15.03.2002 07:00:00   ;     0
16.03.2002 07:00:00   ;     0
17.03.2002 07:00:00   ;     0
18.03.2002 07:00:00   ;     0
19.03.2002 07:00:00   ;     0
20.03.2002 07:00:00   ;     0
21.03.2002 07:00:00   ;     0
22.03.2002 07:00:00   ;     0
23.03.2002 07:00:00   ;    20
24.03.2002 07:00:00   ;    15
25.03.2002 07:00:00   ;    10
26.03.2002 07:00:00   ;     0
27.03.2002 07:00:00   ;     0
28.03.2002 07:00:00   ;     0
29.03.2002 07:00:00   ;     0
30.03.2002 07:00:00   ;     0
31.03.2002 07:00:00   ;     0
01.04.2002 07:00:00   ;     0
02.04.2002 07:00:00   ;     0
03.04.2002 07:00:00   ;     0
04.04.2002 07:00:00   ;     2
05.04.2002 07:00:00   ;     0
06.04.2002 07:00:00   ;     0
07.04.2002 07:00:00   ;     0
08.04.2002 07:00:00   ;     0
09.04.2002 07:00:00   ;     3
10.04.2002 07:00:00   ;     6
11.04.2002 07:00:00   ;     0
12.04.2002 07:00:00   ;     5
13.04.2002 07:00:00   ;     2
14.04.2002 07:00:00   ;     0
15.04.2002 07:00:00   ;    20
16.04.2002 07:00:00   ;    23
17.04.2002 07:00:00   ;    30
18.04.2002 07:00:00   ;    27
19.04.2002 07:00:00   ;     3
20.04.2002 07:00:00   ;    20
21.04.2002 07:00:00   ;    23
22.04.2002 07:00:00   ;     3
23.04.2002 07:00:00   ;     0
24.04.2002 07:00:00   ;     0
25.04.2002 07:00:00   ;     0
26.04.2002 07:00:00   ;     0
27.04.2002 07:00:00   ;     0
28.04.2002 07:00:00   ;     0
29.04.2002 07:00:00   ;     0
30.04.2002 07:00:00   ;     0
01.05.2002 07:00:00   ;     0
02.05.2002 07:00:00   ;     0
03.05.2002 07:00:00   ;     0
04.05.2002 07:00:00   ;     0
05.05.2002 07:00:00   ;     0
06.05.2002 07:00:00   ;     0
07.05.2002 07:00:00   ;     0
08.05.2002 07:00:00   ;     0
09.05.2002 07:00:00   ;     0
10.05.2002 07:00:00   ;     0
11.05.2002 07:00:00   ;     0
12.05.2002 07:00:00   ;     0
13.05.2002 07:00:00   ;     0
14.05.2002 07:00:00   ;     0
15.05.2002 07:00:00   ;     0
16.05.2002 07:00:00   ;     0
17.05.2002 07:00:00   ;     0
18.05.2002 07:00:00   ;     0
19.05.2002 07:00:00   ;     0
20.05.2002 07:00:00   ;     0
21.05.2002 07:00:00   ;     0
22.05.2002 07:00:00   ;     0
23.05.2002 07:00:00   ;     0
24.05.2002 07:00:00   ;     0
25.05.2002 07:00:00   ;     0
26.05.2002 07:00:00   ;     0
27.05.2002 07:00:00   ;     0
28.05.2002 07:00:00   ;     0
29.05.2002 07:00:00   ;     0
30.05.2002 07:00:00   ;     0
31.05.2002 07:00:00   ;     0
01.06.2002 07:00:00   ;     0
02.06.2002 07:00:00   ;     0
03.06.2002 07:00:00   ;     0
04.06.2002 07:00:00   ;     0
05.06.2002 07:00:00   ;     0
06.06.2002 07:00:00   ;     0
07.06.2002 07:00:00   ;     0
08.06.2002 07:00:00   ;     0
09.06.2002 07:00:00   ;     0
10.06.2002 07:00:00   ;     0
11.06.2002 07:00:00   ;     0
12.06.2002 07:00:00   ;     0
13.06.2002 07:00:00   ;     0
14.06.2002 07:00:00   ;     0
15.06.2002 07:00:00   ;     0
16.06.2002 07:00:00   ;     0
17.06.2002 07:00:00   ;     0
18.06.2002 07:00:00   ;     0
19.06.2002 07:00:00   ;     0
20.06.2002 07:00:00   ;     0
21.06.2002 07:00:00   ;     0
22.06.2002 07:00:00   ;     0
23.06.2002 07:00:00   ;     0
24.06.2002 07:00:00   ;     0
25.06.2002 07:00:00   ;     0
26.06.2002 07:00:00   ;     0
27.06.2002 07:00:00   ;     0
28.06.2002 07:00:00   ;     0
29.06.2002 07:00:00   ;     0
30.06.2002 07:00:00   ;     0
01.07.2002 07:00:00   ;     0
02.07.2002 07:00:00   ;     0
03.07.2002 07:00:00   ;     0
04.07.2002 07:00:00   ;     0
05.07.2002 07:00:00   ;     0
06.07.2002 07:00:00   ;     0
07.07.2002 07:00:00   ;     0
08.07.2002 07:00:00   ;     0
09.07.2002 07:00:00   ;     0
10.07.2002 07:00:00   ;     0
11.07.2002 07:00:00   ;     0
12.07.2002 07:00:00   ;     0
13.07.2002 07:00:00   ;     0
14.07.2002 07:00:00   ;     0
15.07.2002 07:00:00   ;     0
16.07.2002 07:00:00   ;     0
17.07.2002 07:00:00   ;     0
18.07.2002 07:00:00   ;     0
19.07.2002 07:00:00   ;     0
20.07.2002 07:00:00   ;     0
21.07.2002 07:00:00   ;     0
22.07.2002 07:00:00   ;     0
23.07.2002 07:00:00   ;     0
24.07.2002 07:00:00   ;     0
25.07.2002 07:00:00   ;     0
26.07.2002 07:00:00   ;     0
27.07.2002 07:00:00   ;     0
28.07.2002 07:00:00   ;     0
29.07.2002 07:00:00   ;     0
30.07.2002 07:00:00   ;     0
31.07.2002 07:00:00   ;     0
01.08.2002 07:00:00   ;     0
02.08.2002 07:00:00   ;     0
03.08.2002 07:00:00   ;     0
04.08.2002 07:00:00   ;     0
05.08.2002 07:00:00   ;     0
06.08.2002 07:00:00   ;     0
07.08.2002 07:00:00   ;     0
08.08.2002 07:00:00   ;     0
09.08.2002 07:00:00   ;     0
10.08.2002 07:00:00   ;     0
11.08.2002 07:00:00   ;     0
12.08.2002 07:00:00   ;     0
13.08.2002 07:00:00   ;     0
14.08.2002 07:00:00   ;     0
15.08.2002 07:00:00   ;     0
16.08.2002 07:00:00   ;     0
17.08.2002 07:00:00   ;     0
18.08.2002 07:00:00   ;     0
19.08.2002 07:00:00   ;     0
20.08.2002 07:00:00   ;     0
21.08.2002 07:00:00   ;     0
22.08.2002 07:00:00   ;     0
23.08.2002 07:00:00   ;     0
24.08.2002 07:00:00   ;     0
25.08.2002 07:00:00   ;     0
26.08.2002 07:00:00   ;     0
27.08.2002 07:00:00   ;     0
28.08.2002 07:00:00   ;     0
29.08.2002 07:00:00   ;     0
30.08.2002 07:00:00   ;     0
31.08.2002 07:00:00   ;     0
01.09.2002 07:00:00   ;     0
02.09.2002 07:00:00   ;     0
03.09.2002 07:00:00   ;     0
04.09.2002 07:00:00   ;     0
05.09.2002 07:00:00   ;     0
06.09.2002 07:00:00   ;     0
07.09.2002 07:00:00   ;     0
08.09.2002 07:00:00   ;     0
09.09.2002 07:00:00   ;     0
10.09.2002 07:00:00   ;     0
11.09.2002 07:00:00   ;     0
12.09.2002 07:00:00   ;     0
13.09.2002 07:00:00   ;     0
14.09.2002 07:00:00   ;     0
15.09.2002 07:00:00   ;     0
16.09.2002 07:00:00   ;     0
17.09.2002 07:00:00   ;     0
18.09.2002 07:00:00   ;     0
19.09.2002 07:00:00   ;     0
20.09.2002 07:00:00   ;     0
21.09.2002 07:00:00   ;     0
22.09.2002 07:00:00   ;     0
23.09.2002 07:00:00   ;     0
24.09.2002 07:00:00   ;     3
25.09.2002 07:00:00   ;    26
26.09.2002 07:00:00   ;    15
27.09.2002 07:00:00   ;     8
28.09.2002 07:00:00   ;     0
29.09.2002 07:00:00   ;     0
30.09.2002 07:00:00   ;     0
01.10.2002 07:00:00   ;     0
02.10.2002 07:00:00   ;     0
03.10.2002 07:00:00   ;     0
04.10.2002 07:00:00   ;     0
05.10.2002 07:00:00   ;     0
06.10.2002 07:00:00   ;     0
07.10.2002 07:00:00   ;     0
08.10.2002 07:00:00   ;     0
09.10.2002 07:00:00   ;     0
10.10.2002 07:00:00   ;     0
11.10.2002 07:00:00   ;     0
12.10.2002 07:00:00   ;     0
13.10.2002 07:00:00   ;     0
14.10.2002 07:00:00   ;     0
15.10.2002 07:00:00   ;     0
16.10.2002 07:00:00   ;     0
17.10.2002 07:00:00   ;     0
18.10.2002 07:00:00   ;    12
19.10.2002 07:00:00   ;     0
20.10.2002 07:00:00   ;     0
21.10.2002 07:00:00   ;     0
22.10.2002 07:00:00   ;     0
23.10.2002 07:00:00   ;     0
24.10.2002 07:00:00   ;     2
25.10.2002 07:00:00   ;     1
26.10.2002 07:00:00   ;     0
27.10.2002 07:00:00   ;     0
28.10.2002 07:00:00   ;     0
29.10.2002 07:00:00   ;     0
30.10.2002 07:00:00   ;     0
31.10.2002 07:00:00   ;     0
01.11.2002 07:00:00   ;     0
02.11.2002 07:00:00   ;     0
03.11.2002 07:00:00   ;     0
04.11.2002 07:00:00   ;     0
05.11.2002 07:00:00   ;     0
06.11.2002 07:00:00   ;     0
07.11.2002 07:00:00   ;     0
08.11.2002 07:00:00   ;     0
09.11.2002 07:00:00   ;     0
10.11.2002 07:00:00   ;     0
11.11.2002 07:00:00   ;     0
12.11.2002 07:00:00   ;     0
13.11.2002 07:00:00   ;     0
14.11.2002 07:00:00   ;     0
15.11.2002 07:00:00   ;     0
16.11.2002 07:00:00   ;     0
17.11.2002 07:00:00   ;     0
18.11.2002 07:00:00   ;     5
19.11.2002 07:00:00   ;    30
20.11.2002 07:00:00   ;    26
21.11.2002 07:00:00   ;    23
22.11.2002 07:00:00   ;    28
23.11.2002 07:00:00   ;    40
24.11.2002 07:00:00   ;    35
25.11.2002 07:00:00   ;    25
26.11.2002 07:00:00   ;    22
27.11.2002 07:00:00   ;    16
28.11.2002 07:00:00   ;    12
29.11.2002 07:00:00   ;     8
30.11.2002 07:00:00   ;     6
01.12.2002 07:00:00   ;     6
02.12.2002 07:00:00   ;     5
03.12.2002 07:00:00   ;    20
04.12.2002 07:00:00   ;    25
05.12.2002 07:00:00   ;    25
06.12.2002 07:00:00   ;    30
07.12.2002 07:00:00   ;    26
08.12.2002 07:00:00   ;    27
09.12.2002 07:00:00   ;    28
10.12.2002 07:00:00   ;    29
11.12.2002 07:00:00   ;    29
12.12.2002 07:00:00   ;    29
13.12.2002 07:00:00   ;    27
14.12.2002 07:00:00   ;    26
15.12.2002 07:00:00   ;    24
16.12.2002 07:00:00   ;    24
17.12.2002 07:00:00   ;    25
18.12.2002 07:00:00   ;    24
19.12.2002 07:00:00   ;    23
20.12.2002 07:00:00   ;    22
21.12.2002 07:00:00   ;    20
22.12.2002 07:00:00   ;    20
23.12.2002 07:00:00   ;    21
24.12.2002 07:00:00   ;    20
25.12.2002 07:00:00   ;    18
26.12.2002 07:00:00   ;    18
27.12.2002 07:00:00   ;    18
28.12.2002 07:00:00   ;    19
29.12.2002 07:00:00   ;    35
30.12.2002 07:00:00   ;    32
31.12.2002 07:00:00   ;    40
01.01.2003 07:00:00   ;    36
02.01.2003 07:00:00   ;    35
03.01.2003 07:00:00   ;    39
04.01.2003 07:00:00   ;    36
05.01.2003 07:00:00   ;    37
06.01.2003 07:00:00   ;    38
07.01.2003 07:00:00   ;    42
08.01.2003 07:00:00   ;    43
09.01.2003 07:00:00   ;    46
10.01.2003 07:00:00   ;    47
11.01.2003 07:00:00   ;    46
12.01.2003 07:00:00   ;    46
13.01.2003 07:00:00   ;    45
14.01.2003 07:00:00   ;    42
15.01.2003 07:00:00   ;    38
16.01.2003 07:00:00   ;    32
17.01.2003 07:00:00   ;    29
18.01.2003 07:00:00   ;    27
19.01.2003 07:00:00   ;    26
20.01.2003 07:00:00   ;    25
21.01.2003 07:00:00   ;    23
22.01.2003 07:00:00   ;    25
23.01.2003 07:00:00   ;    39
24.01.2003 07:00:00   ;    38
25.01.2003 07:00:00   ;    37
26.01.2003 07:00:00   ;    37
27.01.2003 07:00:00   ;    37
28.01.2003 07:00:00   ;    36
29.01.2003 07:00:00   ;    32
30.01.2003 07:00:00   ;    32
31.01.2003 07:00:00   ;    33
01.02.2003 07:00:00   ;    33
02.02.2003 07:00:00   ;    33
03.02.2003 07:00:00   ;    31
04.02.2003 07:00:00   ;    36
05.02.2003 07:00:00   ;    37
06.02.2003 07:00:00   ;    36
07.02.2003 07:00:00   ;    34
08.02.2003 07:00:00   ;    35
09.02.2003 07:00:00   ;    35
10.02.2003 07:00:00   ;    32
11.02.2003 07:00:00   ;    30
12.02.2003 07:00:00   ;    30
13.02.2003 07:00:00   ;    30
14.02.2003 07:00:00   ;    30
15.02.2003 07:00:00   ;    30
16.02.2003 07:00:00   ;    30
17.02.2003 07:00:00   ;    31
18.02.2003 07:00:00   ;    30
19.02.2003 07:00:00   ;    30
20.02.2003 07:00:00   ;    30
21.02.2003 07:00:00   ;    29
22.02.2003 07:00:00   ;    29
23.02.2003 07:00:00   ;    29
24.02.2003 07:00:00   ;    28
25.02.2003 07:00:00   ;    27
26.02.2003 07:00:00   ;    23
27.02.2003 07:00:00   ;    20
28.02.2003 07:00:00   ;    18
01.03.2003 07:00:00   ;    15
02.03.2003 07:00:00   ;    11
03.03.2003 07:00:00   ;    12
04.03.2003 07:00:00   ;    10
05.03.2003 07:00:00   ;     8
06.03.2003 07:00:00   ;     8
07.03.2003 07:00:00   ;     8
08.03.2003 07:00:00   ;     6
09.03.2003 07:00:00   ;     4
10.03.2003 07:00:00   ;     2
11.03.2003 07:00:00   ;     0
12.03.2003 07:00:00   ;     0
13.03.2003 07:00:00   ;     0
14.03.2003 07:00:00   ;     0
15.03.2003 07:00:00   ;     0
16.03.2003 07:00:00   ;     0
17.03.2003 07:00:00   ;     0
18.03.2003 07:00:00   ;     0
19.03.2003 07:00:00   ;     0
20.03.2003 07:00:00   ;     0
21.03.2003 07:00:00   ;     0
22.03.2003 07:00:00   ;     0
23.03.2003 07:00:00   ;     0
24.03.2003 07:00:00   ;     0
25.03.2003 07:00:00   ;     0
26.03.2003 07:00:00   ;     0
27.03.2003 07:00:00   ;     0
28.03.2003 07:00:00   ;     0
29.03.2003 07:00:00   ;     0
30.03.2003 07:00:00   ;     0
31.03.2003 07:00:00   ;     0
01.04.2003 07:00:00   ;     0
02.04.2003 07:00:00   ;     0
03.04.2003 07:00:00   ;    15
04.04.2003 07:00:00   ;    18
05.04.2003 07:00:00   ;     8
06.04.2003 07:00:00   ;     1
07.04.2003 07:00:00   ;     1
08.04.2003 07:00:00   ;     1
09.04.2003 07:00:00   ;     2
10.04.2003 07:00:00   ;    12
11.04.2003 07:00:00   ;    10
12.04.2003 07:00:00   ;     1
13.04.2003 07:00:00   ;     0
14.04.2003 07:00:00   ;     0
15.04.2003 07:00:00   ;     0
16.04.2003 07:00:00   ;     0
17.04.2003 07:00:00   ;     0
18.04.2003 07:00:00   ;     0
19.04.2003 07:00:00   ;     2
20.04.2003 07:00:00   ;     1
21.04.2003 07:00:00   ;     0
22.04.2003 07:00:00   ;     0
23.04.2003 07:00:00   ;     0
24.04.2003 07:00:00   ;     0
25.04.2003 07:00:00   ;     0
26.04.2003 07:00:00   ;     0
27.04.2003 07:00:00   ;     0
28.04.2003 07:00:00   ;     0
29.04.2003 07:00:00   ;     0
30.04.2003 07:00:00   ;     0
01.05.2003 07:00:00   ;     0
02.05.2003 07:00:00   ;     0
03.05.2003 07:00:00   ;     0
04.05.2003 07:00:00   ;     0
05.05.2003 07:00:00   ;     0
06.05.2003 07:00:00   ;     0
07.05.2003 07:00:00   ;     0
08.05.2003 07:00:00   ;     0
09.05.2003 07:00:00   ;     0
10.05.2003 07:00:00   ;     0
11.05.2003 07:00:00   ;     0
12.05.2003 07:00:00   ;     0
13.05.2003 07:00:00   ;     0
14.05.2003 07:00:00   ;    10
15.05.2003 07:00:00   ;     7
16.05.2003 07:00:00   ;     0
17.05.2003 07:00:00   ;     0
18.05.2003 07:00:00   ;     0
19.05.2003 07:00:00   ;     0
20.05.2003 07:00:00   ;     2
21.05.2003 07:00:00   ;     0
22.05.2003 07:00:00   ;     0
23.05.2003 07:00:00   ;     0
24.05.2003 07:00:00   ;     0
25.05.2003 07:00:00   ;     0
26.05.2003 07:00:00   ;     0
27.05.2003 07:00:00   ;     0
28.05.2003 07:00:00   ;     0
29.05.2003 07:00:00   ;     0
30.05.2003 07:00:00   ;     0
31.05.2003 07:00:00   ;     0
01.06.2003 07:00:00   ;     0
02.06.2003 07:00:00   ;     0
03.06.2003 07:00:00   ;     0
04.06.2003 07:00:00   ;     0
05.06.2003 07:00:00   ;     0
06.06.2003 07:00:00   ;     0
07.06.2003 07:00:00   ;     0
08.06.2003 07:00:00   ;     0
09.06.2003 07:00:00   ;     0
10.06.2003 07:00:00   ;     0
11.06.2003 07:00:00   ;     0
12.06.2003 07:00:00   ;     0
13.06.2003 07:00:00   ;     0
14.06.2003 07:00:00   ;     0
15.06.2003 07:00:00   ;     0
16.06.2003 07:00:00   ;     0
17.06.2003 07:00:00   ;     0
18.06.2003 07:00:00   ;     0
19.06.2003 07:00:00   ;     0
20.06.2003 07:00:00   ;     0
21.06.2003 07:00:00   ;     0
22.06.2003 07:00:00   ;     0
23.06.2003 07:00:00   ;     0
24.06.2003 07:00:00   ;     0
25.06.2003 07:00:00   ;     0
26.06.2003 07:00:00   ;     0
27.06.2003 07:00:00   ;     0
28.06.2003 07:00:00   ;     0
29.06.2003 07:00:00   ;     0
30.06.2003 07:00:00   ;     0
01.07.2003 07:00:00   ;     0
02.07.2003 07:00:00   ;     0
03.07.2003 07:00:00   ;     0
04.07.2003 07:00:00   ;     0
05.07.2003 07:00:00   ;     0
06.07.2003 07:00:00   ;     0
07.07.2003 07:00:00   ;     0
08.07.2003 07:00:00   ;     0
09.07.2003 07:00:00   ;     0
10.07.2003 07:00:00   ;     0
11.07.2003 07:00:00   ;     0
12.07.2003 07:00:00   ;     0
13.07.2003 07:00:00   ;     0
14.07.2003 07:00:00   ;     0
15.07.2003 07:00:00   ;     0
16.07.2003 07:00:00   ;     0
17.07.2003 07:00:00   ;     0
18.07.2003 07:00:00   ;     0
19.07.2003 07:00:00   ;     0
20.07.2003 07:00:00   ;     0
21.07.2003 07:00:00   ;     0
22.07.2003 07:00:00   ;     0
23.07.2003 07:00:00   ;     0
24.07.2003 07:00:00   ;     0
25.07.2003 07:00:00   ;     0
26.07.2003 07:00:00   ;     0
27.07.2003 07:00:00   ;     0
28.07.2003 07:00:00   ;     0
29.07.2003 07:00:00   ;     0
30.07.2003 07:00:00   ;     0
31.07.2003 07:00:00   ;     0
01.08.2003 07:00:00   ;     0
02.08.2003 07:00:00   ;     0
03.08.2003 07:00:00   ;     0
04.08.2003 07:00:00   ;     0
05.08.2003 07:00:00   ;     0
06.08.2003 07:00:00   ;     0
07.08.2003 07:00:00   ;     0
08.08.2003 07:00:00   ;     0
09.08.2003 07:00:00   ;     0
10.08.2003 07:00:00   ;     0
11.08.2003 07:00:00   ;     0
12.08.2003 07:00:00   ;     0
13.08.2003 07:00:00   ;     0
14.08.2003 07:00:00   ;     0
15.08.2003 07:00:00   ;     0
16.08.2003 07:00:00   ;     0
17.08.2003 07:00:00   ;     0
18.08.2003 07:00:00   ;     0
19.08.2003 07:00:00   ;     0
20.08.2003 07:00:00   ;     0
21.08.2003 07:00:00   ;     0
22.08.2003 07:00:00   ;     0
23.08.2003 07:00:00   ;     0
24.08.2003 07:00:00   ;     0
25.08.2003 07:00:00   ;     0
26.08.2003 07:00:00   ;     0
27.08.2003 07:00:00   ;     0
28.08.2003 07:00:00   ;     0
29.08.2003 07:00:00   ;     0
30.08.2003 07:00:00   ;     0
31.08.2003 07:00:00   ;     0
01.09.2003 07:00:00   ;     0
02.09.2003 07:00:00   ;     0
03.09.2003 07:00:00   ;     0
04.09.2003 07:00:00   ;     0
05.09.2003 07:00:00   ;     0
06.09.2003 07:00:00   ;     0
07.09.2003 07:00:00   ;     0
08.09.2003 07:00:00   ;     0
09.09.2003 07:00:00   ;     0
10.09.2003 07:00:00   ;     0
11.09.2003 07:00:00   ;     0
12.09.2003 07:00:00   ;     0
13.09.2003 07:00:00   ;     0
14.09.2003 07:00:00   ;     0
15.09.2003 07:00:00   ;     0
16.09.2003 07:00:00   ;     0
17.09.2003 07:00:00   ;     0
18.09.2003 07:00:00   ;     0
19.09.2003 07:00:00   ;     0
20.09.2003 07:00:00   ;     0
21.09.2003 07:00:00   ;     0
22.09.2003 07:00:00   ;     0
23.09.2003 07:00:00   ;     0
24.09.2003 07:00:00   ;     0
25.09.2003 07:00:00   ;     0
26.09.2003 07:00:00   ;     0
27.09.2003 07:00:00   ;     0
28.09.2003 07:00:00   ;     0
29.09.2003 07:00:00   ;     0
30.09.2003 07:00:00   ;     0
01.10.2003 07:00:00   ;     0
02.10.2003 07:00:00   ;     0
03.10.2003 07:00:00   ;     0
04.10.2003 07:00:00   ;     0
05.10.2003 07:00:00   ;     0
06.10.2003 07:00:00   ;     3
07.10.2003 07:00:00   ;     0
08.10.2003 07:00:00   ;     4
09.10.2003 07:00:00   ;     5
10.10.2003 07:00:00   ;     0
11.10.2003 07:00:00   ;     0
12.10.2003 07:00:00   ;     0
13.10.2003 07:00:00   ;     0
14.10.2003 07:00:00   ;     0
15.10.2003 07:00:00   ;     0
16.10.2003 07:00:00   ;     0
17.10.2003 07:00:00   ;     0
18.10.2003 07:00:00   ;     0
19.10.2003 07:00:00   ;     0
20.10.2003 07:00:00   ;     1
21.10.2003 07:00:00   ;     0
22.10.2003 07:00:00   ;     0
23.10.2003 07:00:00   ;     0
24.10.2003 07:00:00   ;    15
25.10.2003 07:00:00   ;    10
26.10.2003 07:00:00   ;     5
27.10.2003 07:00:00   ;     0
28.10.2003 07:00:00   ;     0
29.10.2003 07:00:00   ;     0
30.10.2003 07:00:00   ;     2
31.10.2003 07:00:00   ;     8
01.11.2003 07:00:00   ;     0
02.11.2003 07:00:00   ;     0
03.11.2003 07:00:00   ;     0
04.11.2003 07:00:00   ;     0
05.11.2003 07:00:00   ;     0
06.11.2003 07:00:00   ;     0
07.11.2003 07:00:00   ;     0
08.11.2003 07:00:00   ;     5
09.11.2003 07:00:00   ;    44
10.11.2003 07:00:00   ;    25
11.11.2003 07:00:00   ;    20
12.11.2003 07:00:00   ;    20
13.11.2003 07:00:00   ;    22
14.11.2003 07:00:00   ;    21
15.11.2003 07:00:00   ;    20
16.11.2003 07:00:00   ;    18
17.11.2003 07:00:00   ;    15
18.11.2003 07:00:00   ;    13
19.11.2003 07:00:00   ;    10
20.11.2003 07:00:00   ;     5
21.11.2003 07:00:00   ;     2
22.11.2003 07:00:00   ;     0
23.11.2003 07:00:00   ;     0
24.11.2003 07:00:00   ;     0
25.11.2003 07:00:00   ;     0
26.11.2003 07:00:00   ;     0
27.11.2003 07:00:00   ;     0
28.11.2003 07:00:00   ;    40
29.11.2003 07:00:00   ;    57
30.11.2003 07:00:00   ;    40
01.12.2003 07:00:00   ;    35
02.12.2003 07:00:00   ;    32
03.12.2003 07:00:00   ;    26
04.12.2003 07:00:00   ;    23
05.12.2003 07:00:00   ;    22
06.12.2003 07:00:00   ;    20
07.12.2003 07:00:00   ;    19
08.12.2003 07:00:00   ;    19
09.12.2003 07:00:00   ;    19
10.12.2003 07:00:00   ;    20
11.12.2003 07:00:00   ;    28
12.12.2003 07:00:00   ;    25
13.12.2003 07:00:00   ;    22
14.12.2003 07:00:00   ;    19
15.12.2003 07:00:00   ;    18
16.12.2003 07:00:00   ;    19
17.12.2003 07:00:00   ;    18
18.12.2003 07:00:00   ;    16
19.12.2003 07:00:00   ;    15
20.12.2003 07:00:00   ;    14
21.12.2003 07:00:00   ;    13
22.12.2003 07:00:00   ;    18
23.12.2003 07:00:00   ;    19
24.12.2003 07:00:00   ;    19
25.12.2003 07:00:00   ;    19
26.12.2003 07:00:00   ;    18
27.12.2003 07:00:00   ;    15
28.12.2003 07:00:00   ;    15
29.12.2003 07:00:00   ;    20
30.12.2003 07:00:00   ;    40
31.12.2003 07:00:00   ;    46
01.01.2004 07:00:00   ;    50
02.01.2004 07:00:00   ;    40
03.01.2004 07:00:00   ;    40
04.01.2004 07:00:00   ;    40
05.01.2004 07:00:00   ;    40
06.01.2004 07:00:00   ;    39
07.01.2004 07:00:00   ;    38
08.01.2004 07:00:00   ;    35
09.01.2004 07:00:00   ;    36
10.01.2004 07:00:00   ;    43
11.01.2004 07:00:00   ;    43
12.01.2004 07:00:00   ;    43
13.01.2004 07:00:00   ;    46
14.01.2004 07:00:00   ;    38
15.01.2004 07:00:00   ;    35
16.01.2004 07:00:00   ;    35
17.01.2004 07:00:00   ;    35
18.01.2004 07:00:00   ;    38
19.01.2004 07:00:00   ;    39
20.01.2004 07:00:00   ;    39
21.01.2004 07:00:00   ;    37
22.01.2004 07:00:00   ;    37
23.01.2004 07:00:00   ;    37
24.01.2004 07:00:00   ;    37
25.01.2004 07:00:00   ;    37
26.01.2004 07:00:00   ;    37
27.01.2004 07:00:00   ;    35
28.01.2004 07:00:00   ;    38
29.01.2004 07:00:00   ;    37
30.01.2004 07:00:00   ;    37
31.01.2004 07:00:00   ;    37
01.02.2004 07:00:00   ;    36
02.02.2004 07:00:00   ;    34
03.02.2004 07:00:00   ;    32
04.02.2004 07:00:00   ;    31
05.02.2004 07:00:00   ;    31
06.02.2004 07:00:00   ;    30
07.02.2004 07:00:00   ;    28
08.02.2004 07:00:00   ;    26
09.02.2004 07:00:00   ;    27
10.02.2004 07:00:00   ;    27
11.02.2004 07:00:00   ;    28
12.02.2004 07:00:00   ;    28
13.02.2004 07:00:00   ;    27
14.02.2004 07:00:00   ;    24
15.02.2004 07:00:00   ;    21
16.02.2004 07:00:00   ;    20
17.02.2004 07:00:00   ;    19
18.02.2004 07:00:00   ;    18
19.02.2004 07:00:00   ;    28
20.02.2004 07:00:00   ;    34
21.02.2004 07:00:00   ;    33
22.02.2004 07:00:00   ;    34
23.02.2004 07:00:00   ;    28
24.02.2004 07:00:00   ;    48
25.02.2004 07:00:00   ;    42
26.02.2004 07:00:00   ;    35
27.02.2004 07:00:00   ;    43
28.02.2004 07:00:00   ;    50
29.02.2004 07:00:00   ;    46
01.03.2004 07:00:00   ;    39
02.03.2004 07:00:00   ;    32
03.03.2004 07:00:00   ;    30
04.03.2004 07:00:00   ;    29
05.03.2004 07:00:00   ;    27
06.03.2004 07:00:00   ;    25
07.03.2004 07:00:00   ;    30
08.03.2004 07:00:00   ;    37
09.03.2004 07:00:00   ;    35
10.03.2004 07:00:00   ;    30
11.03.2004 07:00:00   ;    35
12.03.2004 07:00:00   ;    36
13.03.2004 07:00:00   ;    30
14.03.2004 07:00:00   ;    26
15.03.2004 07:00:00   ;    23
16.03.2004 07:00:00   ;    20
17.03.2004 07:00:00   ;    15
18.03.2004 07:00:00   ;     9
19.03.2004 07:00:00   ;     0
20.03.2004 07:00:00   ;     0
21.03.2004 07:00:00   ;     0
22.03.2004 07:00:00   ;    10
23.03.2004 07:00:00   ;    27
24.03.2004 07:00:00   ;    20
25.03.2004 07:00:00   ;    15
26.03.2004 07:00:00   ;    10
27.03.2004 07:00:00   ;    12
28.03.2004 07:00:00   ;    10
29.03.2004 07:00:00   ;     5
30.03.2004 07:00:00   ;     0
31.03.2004 07:00:00   ;     0
01.04.2004 07:00:00   ;     0
02.04.2004 07:00:00   ;     0
03.04.2004 07:00:00   ;     0
04.04.2004 07:00:00   ;     0
05.04.2004 07:00:00   ;     0
06.04.2004 07:00:00   ;     1
07.04.2004 07:00:00   ;     5
08.04.2004 07:00:00   ;     1
09.04.2004 07:00:00   ;    15
10.04.2004 07:00:00   ;    14
11.04.2004 07:00:00   ;    18
12.04.2004 07:00:00   ;     0
13.04.2004 07:00:00   ;     2
14.04.2004 07:00:00   ;     0
15.04.2004 07:00:00   ;     0
16.04.2004 07:00:00   ;     0
17.04.2004 07:00:00   ;     0
18.04.2004 07:00:00   ;     0
19.04.2004 07:00:00   ;     0
20.04.2004 07:00:00   ;     0
21.04.2004 07:00:00   ;     0
22.04.2004 07:00:00   ;     0
23.04.2004 07:00:00   ;     0
24.04.2004 07:00:00   ;     0
25.04.2004 07:00:00   ;     0
26.04.2004 07:00:00   ;     0
27.04.2004 07:00:00   ;     0
28.04.2004 07:00:00   ;     0
29.04.2004 07:00:00   ;     0
30.04.2004 07:00:00   ;     0
01.05.2004 07:00:00   ;     0
02.05.2004 07:00:00   ;     0
03.05.2004 07:00:00   ;     0
04.05.2004 07:00:00   ;     0
05.05.2004 07:00:00   ;     0
06.05.2004 07:00:00   ;     2
07.05.2004 07:00:00   ;     0
08.05.2004 07:00:00   ;    13
09.05.2004 07:00:00   ;     1
10.05.2004 07:00:00   ;     0
11.05.2004 07:00:00   ;     0
12.05.2004 07:00:00   ;     0
13.05.2004 07:00:00   ;     0
14.05.2004 07:00:00   ;     0
15.05.2004 07:00:00   ;     0
16.05.2004 07:00:00   ;     0
17.05.2004 07:00:00   ;     0
18.05.2004 07:00:00   ;     0
19.05.2004 07:00:00   ;     0
20.05.2004 07:00:00   ;     0
21.05.2004 07:00:00   ;     0
22.05.2004 07:00:00   ;     0
23.05.2004 07:00:00   ;     0
24.05.2004 07:00:00   ;     0
25.05.2004 07:00:00   ;     0
26.05.2004 07:00:00   ;     0
27.05.2004 07:00:00   ;     0
28.05.2004 07:00:00   ;     0
29.05.2004 07:00:00   ;     0
30.05.2004 07:00:00   ;     0
31.05.2004 07:00:00   ;     0
01.06.2004 07:00:00   ;     0
02.06.2004 07:00:00   ;     0
03.06.2004 07:00:00   ;     0
04.06.2004 07:00:00   ;     0
05.06.2004 07:00:00   ;     0
06.06.2004 07:00:00   ;     0
07.06.2004 07:00:00   ;     0
08.06.2004 07:00:00   ;     0
09.06.2004 07:00:00   ;     0
10.06.2004 07:00:00   ;     0
11.06.2004 07:00:00   ;     0
12.06.2004 07:00:00   ;     0
13.06.2004 07:00:00   ;     0
14.06.2004 07:00:00   ;     0
15.06.2004 07:00:00   ;     0
16.06.2004 07:00:00   ;     0
17.06.2004 07:00:00   ;     0
18.06.2004 07:00:00   ;     0
19.06.2004 07:00:00   ;     0
20.06.2004 07:00:00   ;     0
21.06.2004 07:00:00   ;     0
22.06.2004 07:00:00   ;     0
23.06.2004 07:00:00   ;     0
24.06.2004 07:00:00   ;     0
25.06.2004 07:00:00   ;     0
26.06.2004 07:00:00   ;     0
27.06.2004 07:00:00   ;     0
28.06.2004 07:00:00   ;     0
29.06.2004 07:00:00   ;     0
30.06.2004 07:00:00   ;     0
01.07.2004 07:00:00   ;     0
02.07.2004 07:00:00   ;     0
03.07.2004 07:00:00   ;     0
04.07.2004 07:00:00   ;     0
05.07.2004 07:00:00   ;     0
06.07.2004 07:00:00   ;     0
07.07.2004 07:00:00   ;     0
08.07.2004 07:00:00   ;     0
09.07.2004 07:00:00   ;     0
10.07.2004 07:00:00   ;     0
11.07.2004 07:00:00   ;     0
12.07.2004 07:00:00   ;     0
13.07.2004 07:00:00   ;     0
14.07.2004 07:00:00   ;     0
15.07.2004 07:00:00   ;     0
16.07.2004 07:00:00   ;     0
17.07.2004 07:00:00   ;     0
18.07.2004 07:00:00   ;     0
19.07.2004 07:00:00   ;     0
20.07.2004 07:00:00   ;     0
21.07.2004 07:00:00   ;     0
22.07.2004 07:00:00   ;     0
23.07.2004 07:00:00   ;     0
24.07.2004 07:00:00   ;     0
25.07.2004 07:00:00   ;     0
26.07.2004 07:00:00   ;     0
27.07.2004 07:00:00   ;     0
28.07.2004 07:00:00   ;     0
29.07.2004 07:00:00   ;     0
30.07.2004 07:00:00   ;     0
31.07.2004 07:00:00   ;     0
01.08.2004 07:00:00   ;     0
02.08.2004 07:00:00   ;     0
03.08.2004 07:00:00   ;     0
04.08.2004 07:00:00   ;     0
05.08.2004 07:00:00   ;     0
06.08.2004 07:00:00   ;     0
07.08.2004 07:00:00   ;     0
08.08.2004 07:00:00   ;     0
09.08.2004 07:00:00   ;     0
10.08.2004 07:00:00   ;     0
11.08.2004 07:00:00   ;     0
12.08.2004 07:00:00   ;     0
13.08.2004 07:00:00   ;     0
14.08.2004 07:00:00   ;     0
15.08.2004 07:00:00   ;     0
16.08.2004 07:00:00   ;     0
17.08.2004 07:00:00   ;     0
18.08.2004 07:00:00   ;     0
19.08.2004 07:00:00   ;     0
20.08.2004 07:00:00   ;     0
21.08.2004 07:00:00   ;     0
22.08.2004 07:00:00   ;     0
23.08.2004 07:00:00   ;     0
24.08.2004 07:00:00   ;     0
25.08.2004 07:00:00   ;     0
26.08.2004 07:00:00   ;     0
27.08.2004 07:00:00   ;     0
28.08.2004 07:00:00   ;     0
29.08.2004 07:00:00   ;     0
30.08.2004 07:00:00   ;     0
31.08.2004 07:00:00   ;     0
01.09.2004 07:00:00   ;     0
02.09.2004 07:00:00   ;     0
03.09.2004 07:00:00   ;     0
04.09.2004 07:00:00   ;     0
05.09.2004 07:00:00   ;     0
06.09.2004 07:00:00   ;     0
07.09.2004 07:00:00   ;     0
08.09.2004 07:00:00   ;     0
09.09.2004 07:00:00   ;     0
10.09.2004 07:00:00   ;     0
11.09.2004 07:00:00   ;     0
12.09.2004 07:00:00   ;     0
13.09.2004 07:00:00   ;     0
14.09.2004 07:00:00   ;     0
15.09.2004 07:00:00   ;     0
16.09.2004 07:00:00   ;     0
17.09.2004 07:00:00   ;     0
18.09.2004 07:00:00   ;     0
19.09.2004 07:00:00   ;     0
20.09.2004 07:00:00   ;     0
21.09.2004 07:00:00   ;     0
22.09.2004 07:00:00   ;     0
23.09.2004 07:00:00   ;     0
24.09.2004 07:00:00   ;     0
25.09.2004 07:00:00   ;     0
26.09.2004 07:00:00   ;     0
27.09.2004 07:00:00   ;     0
28.09.2004 07:00:00   ;     0
29.09.2004 07:00:00   ;     0
30.09.2004 07:00:00   ;     0
01.10.2004 07:00:00   ;     0
02.10.2004 07:00:00   ;     0
03.10.2004 07:00:00   ;     0
04.10.2004 07:00:00   ;     0
05.10.2004 07:00:00   ;     0
06.10.2004 07:00:00   ;     0
07.10.2004 07:00:00   ;     0
08.10.2004 07:00:00   ;     0
09.10.2004 07:00:00   ;     0
10.10.2004 07:00:00   ;     0
11.10.2004 07:00:00   ;     0
12.10.2004 07:00:00   ;     1
13.10.2004 07:00:00   ;     1
14.10.2004 07:00:00   ;     0
15.10.2004 07:00:00   ;     5
16.10.2004 07:00:00   ;     1
17.10.2004 07:00:00   ;     3
18.10.2004 07:00:00   ;     5
19.10.2004 07:00:00   ;     0
20.10.2004 07:00:00   ;     0
21.10.2004 07:00:00   ;     0
22.10.2004 07:00:00   ;     0
23.10.2004 07:00:00   ;     0
24.10.2004 07:00:00   ;     0
25.10.2004 07:00:00   ;     0
26.10.2004 07:00:00   ;     0
27.10.2004 07:00:00   ;     0
28.10.2004 07:00:00   ;     0
29.10.2004 07:00:00   ;     0
30.10.2004 07:00:00   ;     0
31.10.2004 07:00:00   ;     0
01.11.2004 07:00:00   ;     0
02.11.2004 07:00:00   ;     0
03.11.2004 07:00:00   ;     0
04.11.2004 07:00:00   ;     0
05.11.2004 07:00:00   ;     0
06.11.2004 07:00:00   ;     0
07.11.2004 07:00:00   ;     0
08.11.2004 07:00:00   ;     1
09.11.2004 07:00:00   ;     0
10.11.2004 07:00:00   ;     8
11.11.2004 07:00:00   ;    20
12.11.2004 07:00:00   ;    15
13.11.2004 07:00:00   ;     5
14.11.2004 07:00:00   ;     5
15.11.2004 07:00:00   ;     5
16.11.2004 07:00:00   ;     5
17.11.2004 07:00:00   ;     5
18.11.2004 07:00:00   ;     3
19.11.2004 07:00:00   ;     2
20.11.2004 07:00:00   ;     3
21.11.2004 07:00:00   ;     2
22.11.2004 07:00:00   ;     2
23.11.2004 07:00:00   ;     0
24.11.2004 07:00:00   ;     0
25.11.2004 07:00:00   ;     0
26.11.2004 07:00:00   ;     0
27.11.2004 07:00:00   ;     0
28.11.2004 07:00:00   ;     0
29.11.2004 07:00:00   ;     1
30.11.2004 07:00:00   ;     1
01.12.2004 07:00:00   ;    26
02.12.2004 07:00:00   ;    26
03.12.2004 07:00:00   ;    20
04.12.2004 07:00:00   ;    18
05.12.2004 07:00:00   ;    16
06.12.2004 07:00:00   ;    14
07.12.2004 07:00:00   ;    12
08.12.2004 07:00:00   ;    12
09.12.2004 07:00:00   ;    10
10.12.2004 07:00:00   ;    10
11.12.2004 07:00:00   ;    10
12.12.2004 07:00:00   ;     9
13.12.2004 07:00:00   ;     7
14.12.2004 07:00:00   ;     6
15.12.2004 07:00:00   ;     5
16.12.2004 07:00:00   ;     4
17.12.2004 07:00:00   ;     4
18.12.2004 07:00:00   ;     5
19.12.2004 07:00:00   ;     4
20.12.2004 07:00:00   ;     4
21.12.2004 07:00:00   ;     4
22.12.2004 07:00:00   ;     4
23.12.2004 07:00:00   ;     4
24.12.2004 07:00:00   ;     4
25.12.2004 07:00:00   ;     4
26.12.2004 07:00:00   ;     9
27.12.2004 07:00:00   ;    35
28.12.2004 07:00:00   ;    40
29.12.2004 07:00:00   ;    40
30.12.2004 07:00:00   ;    40
31.12.2004 07:00:00   ;    36
01.01.2005 07:00:00   ;    30
02.01.2005 07:00:00   ;    25
03.01.2005 07:00:00   ;    24
04.01.2005 07:00:00   ;    24
05.01.2005 07:00:00   ;    23
06.01.2005 07:00:00   ;    22
07.01.2005 07:00:00   ;    22
08.01.2005 07:00:00   ;    22
09.01.2005 07:00:00   ;    20
10.01.2005 07:00:00   ;    19
11.01.2005 07:00:00   ;    17
12.01.2005 07:00:00   ;    16
13.01.2005 07:00:00   ;    15
14.01.2005 07:00:00   ;    15
15.01.2005 07:00:00   ;    15
16.01.2005 07:00:00   ;    15
17.01.2005 07:00:00   ;    15
18.01.2005 07:00:00   ;    14
19.01.2005 07:00:00   ;    18
20.01.2005 07:00:00   ;    15
21.01.2005 07:00:00   ;    30
22.01.2005 07:00:00   ;    35
23.01.2005 07:00:00   ;    30
24.01.2005 07:00:00   ;    28
25.01.2005 07:00:00   ;    28
26.01.2005 07:00:00   ;    28
27.01.2005 07:00:00   ;    28
28.01.2005 07:00:00   ;    28
29.01.2005 07:00:00   ;    29
30.01.2005 07:00:00   ;    28
31.01.2005 07:00:00   ;    28
01.02.2005 07:00:00   ;    30
02.02.2005 07:00:00   ;    29
03.02.2005 07:00:00   ;    30
04.02.2005 07:00:00   ;    30
05.02.2005 07:00:00   ;    27
06.02.2005 07:00:00   ;    27
07.02.2005 07:00:00   ;    26
08.02.2005 07:00:00   ;    26
09.02.2005 07:00:00   ;    26
10.02.2005 07:00:00   ;    25
11.02.2005 07:00:00   ;    25
12.02.2005 07:00:00   ;    20
13.02.2005 07:00:00   ;    16
14.02.2005 07:00:00   ;    16
15.02.2005 07:00:00   ;    16
16.02.2005 07:00:00   ;    16
17.02.2005 07:00:00   ;    16
18.02.2005 07:00:00   ;    16
19.02.2005 07:00:00   ;    15
20.02.2005 07:00:00   ;    17
21.02.2005 07:00:00   ;    20
22.02.2005 07:00:00   ;    28
23.02.2005 07:00:00   ;    29
24.02.2005 07:00:00   ;    27
25.02.2005 07:00:00   ;    26
26.02.2005 07:00:00   ;    27
27.02.2005 07:00:00   ;    27
28.02.2005 07:00:00   ;    27
01.03.2005 07:00:00   ;    25
02.03.2005 07:00:00   ;    24
03.03.2005 07:00:00   ;    23
04.03.2005 07:00:00   ;    26
05.03.2005 07:00:00   ;    23
06.03.2005 07:00:00   ;    22
07.03.2005 07:00:00   ;    22
08.03.2005 07:00:00   ;    22
09.03.2005 07:00:00   ;    21
10.03.2005 07:00:00   ;    21
11.03.2005 07:00:00   ;    20
12.03.2005 07:00:00   ;    18
13.03.2005 07:00:00   ;    15
14.03.2005 07:00:00   ;    15
15.03.2005 07:00:00   ;    14
16.03.2005 07:00:00   ;     7
17.03.2005 07:00:00   ;     2
18.03.2005 07:00:00   ;     0
19.03.2005 07:00:00   ;     0
20.03.2005 07:00:00   ;     0
21.03.2005 07:00:00   ;     0
22.03.2005 07:00:00   ;     0
23.03.2005 07:00:00   ;     0
24.03.2005 07:00:00   ;     0
25.03.2005 07:00:00   ;     0
26.03.2005 07:00:00   ;     0
27.03.2005 07:00:00   ;     0
28.03.2005 07:00:00   ;     0
29.03.2005 07:00:00   ;     0
30.03.2005 07:00:00   ;     0
31.03.2005 07:00:00   ;     0
01.04.2005 07:00:00   ;     0
02.04.2005 07:00:00   ;     0
03.04.2005 07:00:00   ;     0
04.04.2005 07:00:00   ;     0
05.04.2005 07:00:00   ;     0
06.04.2005 07:00:00   ;     0
07.04.2005 07:00:00   ;     0
08.04.2005 07:00:00   ;     0
09.04.2005 07:00:00   ;    15
10.04.2005 07:00:00   ;    10
11.04.2005 07:00:00   ;     2
12.04.2005 07:00:00   ;    12
13.04.2005 07:00:00   ;     3
14.04.2005 07:00:00   ;     0
15.04.2005 07:00:00   ;     0
16.04.2005 07:00:00   ;     0
17.04.2005 07:00:00   ;     6
18.04.2005 07:00:00   ;     5
19.04.2005 07:00:00   ;     0
20.04.2005 07:00:00   ;     0
21.04.2005 07:00:00   ;     0
22.04.2005 07:00:00   ;     0
23.04.2005 07:00:00   ;     0
24.04.2005 07:00:00   ;     0
25.04.2005 07:00:00   ;     2
26.04.2005 07:00:00   ;     0
27.04.2005 07:00:00   ;     0
28.04.2005 07:00:00   ;     0
29.04.2005 07:00:00   ;     0
30.04.2005 07:00:00   ;     0
01.05.2005 07:00:00   ;     0
02.05.2005 07:00:00   ;     0
03.05.2005 07:00:00   ;     0
04.05.2005 07:00:00   ;     0
05.05.2005 07:00:00   ;     0
06.05.2005 07:00:00   ;     0
07.05.2005 07:00:00   ;     0
08.05.2005 07:00:00   ;     0
09.05.2005 07:00:00   ;     1
10.05.2005 07:00:00   ;     2
11.05.2005 07:00:00   ;     0
12.05.2005 07:00:00   ;     0
13.05.2005 07:00:00   ;     0
14.05.2005 07:00:00   ;     0
15.05.2005 07:00:00   ;     0
16.05.2005 07:00:00   ;     0
17.05.2005 07:00:00   ;     0
18.05.2005 07:00:00   ;     0
19.05.2005 07:00:00   ;     0
20.05.2005 07:00:00   ;     0
21.05.2005 07:00:00   ;     0
22.05.2005 07:00:00   ;     0
23.05.2005 07:00:00   ;     0
24.05.2005 07:00:00   ;     0
25.05.2005 07:00:00   ;     0
26.05.2005 07:00:00   ;     0
27.05.2005 07:00:00   ;     0
28.05.2005 07:00:00   ;     0
29.05.2005 07:00:00   ;     0
30.05.2005 07:00:00   ;     0
31.05.2005 07:00:00   ;     0
01.06.2005 07:00:00   ;     0
02.06.2005 07:00:00   ;     0
03.06.2005 07:00:00   ;     0
04.06.2005 07:00:00   ;     0
05.06.2005 07:00:00   ;     0
06.06.2005 07:00:00   ;     0
07.06.2005 07:00:00   ;     0
08.06.2005 07:00:00   ;     0
09.06.2005 07:00:00   ;     0
10.06.2005 07:00:00   ;     0
11.06.2005 07:00:00   ;     0
12.06.2005 07:00:00   ;     0
13.06.2005 07:00:00   ;     0
14.06.2005 07:00:00   ;     0
15.06.2005 07:00:00   ;     0
16.06.2005 07:00:00   ;     0
17.06.2005 07:00:00   ;     0
18.06.2005 07:00:00   ;     0
19.06.2005 07:00:00   ;     0
20.06.2005 07:00:00   ;     0
21.06.2005 07:00:00   ;     0
22.06.2005 07:00:00   ;     0
23.06.2005 07:00:00   ;     0
24.06.2005 07:00:00   ;     0
25.06.2005 07:00:00   ;     0
26.06.2005 07:00:00   ;     0
27.06.2005 07:00:00   ;     0
28.06.2005 07:00:00   ;     0
29.06.2005 07:00:00   ;     0
30.06.2005 07:00:00   ;     0
01.07.2005 07:00:00   ;     0
02.07.2005 07:00:00   ;     0
03.07.2005 07:00:00   ;     0
04.07.2005 07:00:00   ;     0
05.07.2005 07:00:00   ;     0
06.07.2005 07:00:00   ;     0
07.07.2005 07:00:00   ;     0
08.07.2005 07:00:00   ;     0
09.07.2005 07:00:00   ;     0
10.07.2005 07:00:00   ;     0
11.07.2005 07:00:00   ;     0
12.07.2005 07:00:00   ;     0
13.07.2005 07:00:00   ;     0
14.07.2005 07:00:00   ;     0
15.07.2005 07:00:00   ;     0
16.07.2005 07:00:00   ;     0
17.07.2005 07:00:00   ;     0
18.07.2005 07:00:00   ;     0
19.07.2005 07:00:00   ;     0
20.07.2005 07:00:00   ;     0
21.07.2005 07:00:00   ;     0
22.07.2005 07:00:00   ;     0
23.07.2005 07:00:00   ;     0
24.07.2005 07:00:00   ;     0
25.07.2005 07:00:00   ;     0
26.07.2005 07:00:00   ;     0
27.07.2005 07:00:00   ;     0
28.07.2005 07:00:00   ;     0
29.07.2005 07:00:00   ;     0
30.07.2005 07:00:00   ;     0
31.07.2005 07:00:00   ;     0
01.08.2005 07:00:00   ;     0
02.08.2005 07:00:00   ;     0
03.08.2005 07:00:00   ;     0
04.08.2005 07:00:00   ;     0
05.08.2005 07:00:00   ;     0
06.08.2005 07:00:00   ;     0
07.08.2005 07:00:00   ;     0
08.08.2005 07:00:00   ;     0
09.08.2005 07:00:00   ;     0
10.08.2005 07:00:00   ;     0
11.08.2005 07:00:00   ;     0
12.08.2005 07:00:00   ;     0
13.08.2005 07:00:00   ;     0
14.08.2005 07:00:00   ;     0
15.08.2005 07:00:00   ;     0
16.08.2005 07:00:00   ;     0
17.08.2005 07:00:00   ;     0
18.08.2005 07:00:00   ;     0
19.08.2005 07:00:00   ;     0
20.08.2005 07:00:00   ;     0
21.08.2005 07:00:00   ;     0
22.08.2005 07:00:00   ;     0
23.08.2005 07:00:00   ;     0
24.08.2005 07:00:00   ;     0
25.08.2005 07:00:00   ;     0
26.08.2005 07:00:00   ;     0
27.08.2005 07:00:00   ;     0
28.08.2005 07:00:00   ;     0
29.08.2005 07:00:00   ;     0
30.08.2005 07:00:00   ;     0
31.08.2005 07:00:00   ;     0
01.09.2005 07:00:00   ;     0
02.09.2005 07:00:00   ;     0
03.09.2005 07:00:00   ;     0
04.09.2005 07:00:00   ;     0
05.09.2005 07:00:00   ;     0
06.09.2005 07:00:00   ;     0
07.09.2005 07:00:00   ;     0
08.09.2005 07:00:00   ;     0
09.09.2005 07:00:00   ;     0
10.09.2005 07:00:00   ;     0
11.09.2005 07:00:00   ;     0
12.09.2005 07:00:00   ;     0
13.09.2005 07:00:00   ;     0
14.09.2005 07:00:00   ;     0
15.09.2005 07:00:00   ;     0
16.09.2005 07:00:00   ;     0
17.09.2005 07:00:00   ;     0
18.09.2005 07:00:00   ;     0
19.09.2005 07:00:00   ;     0
20.09.2005 07:00:00   ;     0
21.09.2005 07:00:00   ;     0
22.09.2005 07:00:00   ;     0
23.09.2005 07:00:00   ;     0
24.09.2005 07:00:00   ;     0
25.09.2005 07:00:00   ;     0
26.09.2005 07:00:00   ;     0
27.09.2005 07:00:00   ;     0
28.09.2005 07:00:00   ;     0
29.09.2005 07:00:00   ;     0
30.09.2005 07:00:00   ;     0
01.10.2005 07:00:00   ;     0
02.10.2005 07:00:00   ;     0
03.10.2005 07:00:00   ;     5
04.10.2005 07:00:00   ;     0
05.10.2005 07:00:00   ;     0
06.10.2005 07:00:00   ;     0
07.10.2005 07:00:00   ;     0
08.10.2005 07:00:00   ;     0
09.10.2005 07:00:00   ;     0
10.10.2005 07:00:00   ;     0
11.10.2005 07:00:00   ;     0
12.10.2005 07:00:00   ;     0
13.10.2005 07:00:00   ;     0
14.10.2005 07:00:00   ;     0
15.10.2005 07:00:00   ;     0
16.10.2005 07:00:00   ;     0
17.10.2005 07:00:00   ;     0
18.10.2005 07:00:00   ;     0
19.10.2005 07:00:00   ;     0
20.10.2005 07:00:00   ;     0
21.10.2005 07:00:00   ;     0
22.10.2005 07:00:00   ;     0
23.10.2005 07:00:00   ;     0
24.10.2005 07:00:00   ;     0
25.10.2005 07:00:00   ;     0
26.10.2005 07:00:00   ;     0
27.10.2005 07:00:00   ;     0
28.10.2005 07:00:00   ;     0
29.10.2005 07:00:00   ;     0
30.10.2005 07:00:00   ;     0
31.10.2005 07:00:00   ;     0
01.11.2005 07:00:00   ;     0
02.11.2005 07:00:00   ;     0
03.11.2005 07:00:00   ;     0
04.11.2005 07:00:00   ;     0
05.11.2005 07:00:00   ;     0
06.11.2005 07:00:00   ;     0
07.11.2005 07:00:00   ;     0
08.11.2005 07:00:00   ;     0
09.11.2005 07:00:00   ;     0
10.11.2005 07:00:00   ;     0
11.11.2005 07:00:00   ;     0
12.11.2005 07:00:00   ;     0
13.11.2005 07:00:00   ;     0
14.11.2005 07:00:00   ;     0
15.11.2005 07:00:00   ;     0
16.11.2005 07:00:00   ;     0
17.11.2005 07:00:00   ;     0
18.11.2005 07:00:00   ;     0
19.11.2005 07:00:00   ;     0
20.11.2005 07:00:00   ;     0
21.11.2005 07:00:00   ;     0
22.11.2005 07:00:00   ;     0
23.11.2005 07:00:00   ;     0
24.11.2005 07:00:00   ;     1
25.11.2005 07:00:00   ;     1
26.11.2005 07:00:00   ;     7
27.11.2005 07:00:00   ;    20
28.11.2005 07:00:00   ;    22
29.11.2005 07:00:00   ;    20
30.11.2005 07:00:00   ;    25
01.12.2005 07:00:00   ;    22
02.12.2005 07:00:00   ;    18
03.12.2005 07:00:00   ;    20
04.12.2005 07:00:00   ;    25
05.12.2005 07:00:00   ;    30
06.12.2005 07:00:00   ;    36
07.12.2005 07:00:00   ;    32
08.12.2005 07:00:00   ;    29
09.12.2005 07:00:00   ;    26
10.12.2005 07:00:00   ;    25
11.12.2005 07:00:00   ;    25
12.12.2005 07:00:00   ;    25
13.12.2005 07:00:00   ;    30
14.12.2005 07:00:00   ;    25
15.12.2005 07:00:00   ;    25
16.12.2005 07:00:00   ;    26
17.12.2005 07:00:00   ;    35
18.12.2005 07:00:00   ;    38
19.12.2005 07:00:00   ;    36
20.12.2005 07:00:00   ;    35
21.12.2005 07:00:00   ;    33
22.12.2005 07:00:00   ;    32
23.12.2005 07:00:00   ;    30
24.12.2005 07:00:00   ;    29
25.12.2005 07:00:00   ;    28
26.12.2005 07:00:00   ;    28
27.12.2005 07:00:00   ;    30
28.12.2005 07:00:00   ;    35
29.12.2005 07:00:00   ;    40
30.12.2005 07:00:00   ;    41
31.12.2005 07:00:00   ;    42
01.01.2006 07:00:00   ;    45
02.01.2006 07:00:00   ;    52
03.01.2006 07:00:00   ;    48
04.01.2006 07:00:00   ;    46
05.01.2006 07:00:00   ;    46
06.01.2006 07:00:00   ;    47
07.01.2006 07:00:00   ;    49
08.01.2006 07:00:00   ;    48
09.01.2006 07:00:00   ;    48
10.01.2006 07:00:00   ;    45
11.01.2006 07:00:00   ;    43
12.01.2006 07:00:00   ;    41
13.01.2006 07:00:00   ;    40
14.01.2006 07:00:00   ;    39
15.01.2006 07:00:00   ;    39
16.01.2006 07:00:00   ;    39
17.01.2006 07:00:00   ;    38
18.01.2006 07:00:00   ;    39
19.01.2006 07:00:00   ;    40
20.01.2006 07:00:00   ;    40
21.01.2006 07:00:00   ;    38
22.01.2006 07:00:00   ;    37
23.01.2006 07:00:00   ;    37
24.01.2006 07:00:00   ;    37
25.01.2006 07:00:00   ;    37
26.01.2006 07:00:00   ;    37
27.01.2006 07:00:00   ;    38
28.01.2006 07:00:00   ;    40
29.01.2006 07:00:00   ;    39
30.01.2006 07:00:00   ;    38
31.01.2006 07:00:00   ;    36
01.02.2006 07:00:00   ;    35
02.02.2006 07:00:00   ;    33
03.02.2006 07:00:00   ;    30
04.02.2006 07:00:00   ;    30
05.02.2006 07:00:00   ;    30
06.02.2006 07:00:00   ;    30
07.02.2006 07:00:00   ;    30
08.02.2006 07:00:00   ;    30
09.02.2006 07:00:00   ;    30
10.02.2006 07:00:00   ;    30
11.02.2006 07:00:00   ;    30
12.02.2006 07:00:00   ;    30
13.02.2006 07:00:00   ;    30
14.02.2006 07:00:00   ;    30
15.02.2006 07:00:00   ;    29
16.02.2006 07:00:00   ;    30
17.02.2006 07:00:00   ;    32
18.02.2006 07:00:00   ;    30
19.02.2006 07:00:00   ;    40
20.02.2006 07:00:00   ;    46
21.02.2006 07:00:00   ;    46
22.02.2006 07:00:00   ;    43
23.02.2006 07:00:00   ;    41
24.02.2006 07:00:00   ;    44
25.02.2006 07:00:00   ;    78
26.02.2006 07:00:00   ;    62
27.02.2006 07:00:00   ;    56
28.02.2006 07:00:00   ;    56
01.03.2006 07:00:00   ;    56
02.03.2006 07:00:00   ;    58
03.03.2006 07:00:00   ;    58
04.03.2006 07:00:00   ;    53
05.03.2006 07:00:00   ;    57
06.03.2006 07:00:00   ;    80
07.03.2006 07:00:00   ;    73
08.03.2006 07:00:00   ;    66
09.03.2006 07:00:00   ;    68
10.03.2006 07:00:00   ;    62
11.03.2006 07:00:00   ;    60
12.03.2006 07:00:00   ;    60
13.03.2006 07:00:00   ;    60
14.03.2006 07:00:00   ;    55
15.03.2006 07:00:00   ;    54
16.03.2006 07:00:00   ;    54
17.03.2006 07:00:00   ;    55
18.03.2006 07:00:00   ;    54
19.03.2006 07:00:00   ;    53
20.03.2006 07:00:00   ;    50
21.03.2006 07:00:00   ;    43
22.03.2006 07:00:00   ;    43
23.03.2006 07:00:00   ;    40
24.03.2006 07:00:00   ;    35
25.03.2006 07:00:00   ;    35
26.03.2006 07:00:00   ;    30
27.03.2006 07:00:00   ;    22
28.03.2006 07:00:00   ;    10
29.03.2006 07:00:00   ;    18
30.03.2006 07:00:00   ;     6
31.03.2006 07:00:00   ;     4
01.04.2006 07:00:00   ;     0
02.04.2006 07:00:00   ;     0
03.04.2006 07:00:00   ;     0
04.04.2006 07:00:00   ;     1
05.04.2006 07:00:00   ;    10
06.04.2006 07:00:00   ;    25
07.04.2006 07:00:00   ;    30
08.04.2006 07:00:00   ;    14
09.04.2006 07:00:00   ;     0
10.04.2006 07:00:00   ;     0
11.04.2006 07:00:00   ;    22
12.04.2006 07:00:00   ;    10
13.04.2006 07:00:00   ;     8
14.04.2006 07:00:00   ;     0
15.04.2006 07:00:00   ;     0
16.04.2006 07:00:00   ;     0
17.04.2006 07:00:00   ;     0
18.04.2006 07:00:00   ;     0
19.04.2006 07:00:00   ;     0
20.04.2006 07:00:00   ;     0
21.04.2006 07:00:00   ;     0
22.04.2006 07:00:00   ;     0
23.04.2006 07:00:00   ;     0
24.04.2006 07:00:00   ;     0
25.04.2006 07:00:00   ;     0
26.04.2006 07:00:00   ;     0
27.04.2006 07:00:00   ;     0
28.04.2006 07:00:00   ;     0
29.04.2006 07:00:00   ;     0
30.04.2006 07:00:00   ;    35
01.05.2006 07:00:00   ;    10
02.05.2006 07:00:00   ;     0
03.05.2006 07:00:00   ;     0
04.05.2006 07:00:00   ;     0
05.05.2006 07:00:00   ;     1
06.05.2006 07:00:00   ;     0
07.05.2006 07:00:00   ;     0
08.05.2006 07:00:00   ;     0
09.05.2006 07:00:00   ;     0
10.05.2006 07:00:00   ;     0
11.05.2006 07:00:00   ;     0
12.05.2006 07:00:00   ;     0
13.05.2006 07:00:00   ;     0
14.05.2006 07:00:00   ;     0
15.05.2006 07:00:00   ;     0
16.05.2006 07:00:00   ;     0
17.05.2006 07:00:00   ;     0
18.05.2006 07:00:00   ;     0
19.05.2006 07:00:00   ;     0
20.05.2006 07:00:00   ;     0
21.05.2006 07:00:00   ;     0
22.05.2006 07:00:00   ;     0
23.05.2006 07:00:00   ;     0
24.05.2006 07:00:00   ;     0
25.05.2006 07:00:00   ;     0
26.05.2006 07:00:00   ;     0
27.05.2006 07:00:00   ;     0
28.05.2006 07:00:00   ;     0
29.05.2006 07:00:00   ;     0
30.05.2006 07:00:00   ;     0
31.05.2006 07:00:00   ;     0
01.06.2006 07:00:00   ;     0
02.06.2006 07:00:00   ;     3
03.06.2006 07:00:00   ;     0
04.06.2006 07:00:00   ;     0
05.06.2006 07:00:00   ;     0
06.06.2006 07:00:00   ;     0
07.06.2006 07:00:00   ;     0
08.06.2006 07:00:00   ;     0
09.06.2006 07:00:00   ;     0
10.06.2006 07:00:00   ;     0
11.06.2006 07:00:00   ;     0
12.06.2006 07:00:00   ;     0
13.06.2006 07:00:00   ;     0
14.06.2006 07:00:00   ;     0
15.06.2006 07:00:00   ;     0
16.06.2006 07:00:00   ;     0
17.06.2006 07:00:00   ;     0
18.06.2006 07:00:00   ;     0
19.06.2006 07:00:00   ;     0
20.06.2006 07:00:00   ;     0
21.06.2006 07:00:00   ;     0
22.06.2006 07:00:00   ;     0
23.06.2006 07:00:00   ;     0
24.06.2006 07:00:00   ;     0
25.06.2006 07:00:00   ;     0
26.06.2006 07:00:00   ;     0
27.06.2006 07:00:00   ;     0
28.06.2006 07:00:00   ;     0
29.06.2006 07:00:00   ;     0
30.06.2006 07:00:00   ;     0
01.07.2006 07:00:00   ;     0
02.07.2006 07:00:00   ;     0
03.07.2006 07:00:00   ;     0
04.07.2006 07:00:00   ;     0
05.07.2006 07:00:00   ;     0
06.07.2006 07:00:00   ;     0
07.07.2006 07:00:00   ;     0
08.07.2006 07:00:00   ;     0
09.07.2006 07:00:00   ;     0
10.07.2006 07:00:00   ;     0
11.07.2006 07:00:00   ;     0
12.07.2006 07:00:00   ;     0
13.07.2006 07:00:00   ;     0
14.07.2006 07:00:00   ;     0
15.07.2006 07:00:00   ;     0
16.07.2006 07:00:00   ;     0
17.07.2006 07:00:00   ;     0
18.07.2006 07:00:00   ;     0
19.07.2006 07:00:00   ;     0
20.07.2006 07:00:00   ;     0
21.07.2006 07:00:00   ;     0
22.07.2006 07:00:00   ;     0
23.07.2006 07:00:00   ;     0
24.07.2006 07:00:00   ;     0
25.07.2006 07:00:00   ;     0
26.07.2006 07:00:00   ;     0
27.07.2006 07:00:00   ;     0
28.07.2006 07:00:00   ;     0
29.07.2006 07:00:00   ;     0
30.07.2006 07:00:00   ;     0
31.07.2006 07:00:00   ;     0
01.08.2006 07:00:00   ;     0
02.08.2006 07:00:00   ;     0
03.08.2006 07:00:00   ;     0
04.08.2006 07:00:00   ;     0
05.08.2006 07:00:00   ;     0
06.08.2006 07:00:00   ;     0
07.08.2006 07:00:00   ;     0
08.08.2006 07:00:00   ;     0
09.08.2006 07:00:00   ;     0
10.08.2006 07:00:00   ;     0
11.08.2006 07:00:00   ;     0
12.08.2006 07:00:00   ;     0
13.08.2006 07:00:00   ;     0
14.08.2006 07:00:00   ;     0
15.08.2006 07:00:00   ;     0
16.08.2006 07:00:00   ;     0
17.08.2006 07:00:00   ;     0
18.08.2006 07:00:00   ;     0
19.08.2006 07:00:00   ;     0
20.08.2006 07:00:00   ;     0
21.08.2006 07:00:00   ;     0
22.08.2006 07:00:00   ;     0
23.08.2006 07:00:00   ;     0
24.08.2006 07:00:00   ;     0
25.08.2006 07:00:00   ;     0
26.08.2006 07:00:00   ;     0
27.08.2006 07:00:00   ;     0
28.08.2006 07:00:00   ;     0
29.08.2006 07:00:00   ;     0
30.08.2006 07:00:00   ;     0
31.08.2006 07:00:00   ;     0
01.09.2006 07:00:00   ;     0
02.09.2006 07:00:00   ;     0
03.09.2006 07:00:00   ;     0
04.09.2006 07:00:00   ;     0
05.09.2006 07:00:00   ;     0
06.09.2006 07:00:00   ;     0
07.09.2006 07:00:00   ;     0
08.09.2006 07:00:00   ;     0
09.09.2006 07:00:00   ;     0
10.09.2006 07:00:00   ;     0
11.09.2006 07:00:00   ;     0
12.09.2006 07:00:00   ;     0
13.09.2006 07:00:00   ;     0
14.09.2006 07:00:00   ;     0
15.09.2006 07:00:00   ;     0
16.09.2006 07:00:00   ;     0
17.09.2006 07:00:00   ;     0
18.09.2006 07:00:00   ;     0
19.09.2006 07:00:00   ;     0
20.09.2006 07:00:00   ;     0
21.09.2006 07:00:00   ;     0
22.09.2006 07:00:00   ;     0
23.09.2006 07:00:00   ;     0
24.09.2006 07:00:00   ;     0
25.09.2006 07:00:00   ;     0
26.09.2006 07:00:00   ;     0
27.09.2006 07:00:00   ;     0
28.09.2006 07:00:00   ;     0
29.09.2006 07:00:00   ;     0
30.09.2006 07:00:00   ;     0
01.10.2006 07:00:00   ;     0
02.10.2006 07:00:00   ;     0
03.10.2006 07:00:00   ;     0
04.10.2006 07:00:00   ;     0
05.10.2006 07:00:00   ;     2
06.10.2006 07:00:00   ;     0
07.10.2006 07:00:00   ;     0
08.10.2006 07:00:00   ;     0
09.10.2006 07:00:00   ;     0
10.10.2006 07:00:00   ;     0
11.10.2006 07:00:00   ;     0
12.10.2006 07:00:00   ;     0
13.10.2006 07:00:00   ;     0
14.10.2006 07:00:00   ;     0
15.10.2006 07:00:00   ;     0
16.10.2006 07:00:00   ;     0
17.10.2006 07:00:00   ;     0
18.10.2006 07:00:00   ;     0
19.10.2006 07:00:00   ;     0
20.10.2006 07:00:00   ;     0
21.10.2006 07:00:00   ;     0
22.10.2006 07:00:00   ;     0
23.10.2006 07:00:00   ;     0
24.10.2006 07:00:00   ;     0
25.10.2006 07:00:00   ;     0
26.10.2006 07:00:00   ;     0
27.10.2006 07:00:00   ;     0
28.10.2006 07:00:00   ;     0
29.10.2006 07:00:00   ;     0
30.10.2006 07:00:00   ;     0
31.10.2006 07:00:00   ;     0
01.11.2006 07:00:00   ;     0
02.11.2006 07:00:00   ;     1
03.11.2006 07:00:00   ;     1
04.11.2006 07:00:00   ;     0
05.11.2006 07:00:00   ;     0
06.11.2006 07:00:00   ;     0
07.11.2006 07:00:00   ;     0
08.11.2006 07:00:00   ;     0
09.11.2006 07:00:00   ;     0
10.11.2006 07:00:00   ;     0
11.11.2006 07:00:00   ;     0
12.11.2006 07:00:00   ;     1
13.11.2006 07:00:00   ;     0
14.11.2006 07:00:00   ;     0
15.11.2006 07:00:00   ;     0
16.11.2006 07:00:00   ;     0
17.11.2006 07:00:00   ;     0
18.11.2006 07:00:00   ;     0
19.11.2006 07:00:00   ;     0
20.11.2006 07:00:00   ;     0
21.11.2006 07:00:00   ;     0
22.11.2006 07:00:00   ;     6
23.11.2006 07:00:00   ;     3
24.11.2006 07:00:00   ;     0
25.11.2006 07:00:00   ;     0
26.11.2006 07:00:00   ;     0
27.11.2006 07:00:00   ;     0
28.11.2006 07:00:00   ;     0
29.11.2006 07:00:00   ;     0
30.11.2006 07:00:00   ;     0
01.12.2006 07:00:00   ;     0
02.12.2006 07:00:00   ;     0
03.12.2006 07:00:00   ;     0
04.12.2006 07:00:00   ;     0
05.12.2006 07:00:00   ;     0
06.12.2006 07:00:00   ;     0
07.12.2006 07:00:00   ;     0
08.12.2006 07:00:00   ;     0
09.12.2006 07:00:00   ;     1
10.12.2006 07:00:00   ;    26
11.12.2006 07:00:00   ;    22
12.12.2006 07:00:00   ;    20
13.12.2006 07:00:00   ;    20
14.12.2006 07:00:00   ;    19
15.12.2006 07:00:00   ;    16
16.12.2006 07:00:00   ;    11
17.12.2006 07:00:00   ;    10
18.12.2006 07:00:00   ;    12
19.12.2006 07:00:00   ;    15
20.12.2006 07:00:00   ;    15
21.12.2006 07:00:00   ;    15
22.12.2006 07:00:00   ;    15
23.12.2006 07:00:00   ;    15
24.12.2006 07:00:00   ;    14
25.12.2006 07:00:00   ;    13
26.12.2006 07:00:00   ;    12
27.12.2006 07:00:00   ;    10
28.12.2006 07:00:00   ;    10
29.12.2006 07:00:00   ;    10
30.12.2006 07:00:00   ;    10
31.12.2006 07:00:00   ;     8
01.01.2007 07:00:00   ;     6
02.01.2007 07:00:00   ;     8
03.01.2007 07:00:00   ;     9
04.01.2007 07:00:00   ;     8
05.01.2007 07:00:00   ;     8
06.01.2007 07:00:00   ;     6
07.01.2007 07:00:00   ;     5
08.01.2007 07:00:00   ;     4
09.01.2007 07:00:00   ;     4
10.01.2007 07:00:00   ;     3
11.01.2007 07:00:00   ;     1
12.01.2007 07:00:00   ;     1
13.01.2007 07:00:00   ;     0
14.01.2007 07:00:00   ;     0
15.01.2007 07:00:00   ;     0
16.01.2007 07:00:00   ;     0
17.01.2007 07:00:00   ;     0
18.01.2007 07:00:00   ;     0
19.01.2007 07:00:00   ;     0
20.01.2007 07:00:00   ;     0
21.01.2007 07:00:00   ;     0
22.01.2007 07:00:00   ;     0
23.01.2007 07:00:00   ;    20
24.01.2007 07:00:00   ;    70
25.01.2007 07:00:00   ;    66
26.01.2007 07:00:00   ;    68
27.01.2007 07:00:00   ;    60
28.01.2007 07:00:00   ;    61
29.01.2007 07:00:00   ;    45
30.01.2007 07:00:00   ;    32
31.01.2007 07:00:00   ;    29
01.02.2007 07:00:00   ;    28
02.02.2007 07:00:00   ;    25
03.02.2007 07:00:00   ;    24
04.02.2007 07:00:00   ;    23
05.02.2007 07:00:00   ;    22
06.02.2007 07:00:00   ;    21
07.02.2007 07:00:00   ;    26
08.02.2007 07:00:00   ;    22
09.02.2007 07:00:00   ;    30
10.02.2007 07:00:00   ;    24
11.02.2007 07:00:00   ;    21
12.02.2007 07:00:00   ;    22
13.02.2007 07:00:00   ;    40
14.02.2007 07:00:00   ;    36
15.02.2007 07:00:00   ;    30
16.02.2007 07:00:00   ;    25
17.02.2007 07:00:00   ;    24
18.02.2007 07:00:00   ;    23
19.02.2007 07:00:00   ;    22
20.02.2007 07:00:00   ;    20
21.02.2007 07:00:00   ;    18
22.02.2007 07:00:00   ;    16
23.02.2007 07:00:00   ;    10
24.02.2007 07:00:00   ;     8
25.02.2007 07:00:00   ;     8
26.02.2007 07:00:00   ;    16
27.02.2007 07:00:00   ;    10
28.02.2007 07:00:00   ;    16
01.03.2007 07:00:00   ;    10
02.03.2007 07:00:00   ;     6
03.03.2007 07:00:00   ;     4
04.03.2007 07:00:00   ;     2
05.03.2007 07:00:00   ;     0
06.03.2007 07:00:00   ;     0
07.03.2007 07:00:00   ;     0
08.03.2007 07:00:00   ;    15
09.03.2007 07:00:00   ;     5
10.03.2007 07:00:00   ;     0
11.03.2007 07:00:00   ;     0
12.03.2007 07:00:00   ;     0
13.03.2007 07:00:00   ;     0
14.03.2007 07:00:00   ;     0
15.03.2007 07:00:00   ;     0
16.03.2007 07:00:00   ;     0
17.03.2007 07:00:00   ;     0
18.03.2007 07:00:00   ;     0
19.03.2007 07:00:00   ;     0
20.03.2007 07:00:00   ;    50
21.03.2007 07:00:00   ;    42
22.03.2007 07:00:00   ;    36
23.03.2007 07:00:00   ;    22
24.03.2007 07:00:00   ;    15
25.03.2007 07:00:00   ;    18
26.03.2007 07:00:00   ;    21
27.03.2007 07:00:00   ;    17
28.03.2007 07:00:00   ;    12
29.03.2007 07:00:00   ;     5
30.03.2007 07:00:00   ;     1
31.03.2007 07:00:00   ;    18
01.04.2007 07:00:00   ;    20
02.04.2007 07:00:00   ;    12
03.04.2007 07:00:00   ;     8
04.04.2007 07:00:00   ;    10
05.04.2007 07:00:00   ;     0
06.04.2007 07:00:00   ;     0
07.04.2007 07:00:00   ;     0
08.04.2007 07:00:00   ;     0
09.04.2007 07:00:00   ;     0
10.04.2007 07:00:00   ;     0
11.04.2007 07:00:00   ;     0
12.04.2007 07:00:00   ;     0
13.04.2007 07:00:00   ;     0
14.04.2007 07:00:00   ;     0
15.04.2007 07:00:00   ;     0
16.04.2007 07:00:00   ;     0
17.04.2007 07:00:00   ;     0
18.04.2007 07:00:00   ;     0
19.04.2007 07:00:00   ;     0
20.04.2007 07:00:00   ;     0
21.04.2007 07:00:00   ;     0
22.04.2007 07:00:00   ;     0
23.04.2007 07:00:00   ;     0
24.04.2007 07:00:00   ;     0
25.04.2007 07:00:00   ;     0
26.04.2007 07:00:00   ;     0
27.04.2007 07:00:00   ;     0
28.04.2007 07:00:00   ;     0
29.04.2007 07:00:00   ;     0
30.04.2007 07:00:00   ;     0
01.05.2007 07:00:00   ;     0
02.05.2007 07:00:00   ;     0
03.05.2007 07:00:00   ;     0
04.05.2007 07:00:00   ;     0
05.05.2007 07:00:00   ;     0
06.05.2007 07:00:00   ;     0
07.05.2007 07:00:00   ;     0
08.05.2007 07:00:00   ;     0
09.05.2007 07:00:00   ;     0
10.05.2007 07:00:00   ;     0
11.05.2007 07:00:00   ;     0
12.05.2007 07:00:00   ;     0
13.05.2007 07:00:00   ;     0
14.05.2007 07:00:00   ;     0
15.05.2007 07:00:00   ;     0
16.05.2007 07:00:00   ;     1
17.05.2007 07:00:00   ;     0
18.05.2007 07:00:00   ;     0
19.05.2007 07:00:00   ;     0
20.05.2007 07:00:00   ;     0
21.05.2007 07:00:00   ;     0
22.05.2007 07:00:00   ;     0
23.05.2007 07:00:00   ;     0
24.05.2007 07:00:00   ;     0
25.05.2007 07:00:00   ;     0
26.05.2007 07:00:00   ;     0
27.05.2007 07:00:00   ;     0
28.05.2007 07:00:00   ;     0
29.05.2007 07:00:00   ;     2
30.05.2007 07:00:00   ;     0
31.05.2007 07:00:00   ;     0
01.06.2007 07:00:00   ;     0
02.06.2007 07:00:00   ;     0
03.06.2007 07:00:00   ;     0
04.06.2007 07:00:00   ;     0
05.06.2007 07:00:00   ;     0
06.06.2007 07:00:00   ;     0
07.06.2007 07:00:00   ;     0
08.06.2007 07:00:00   ;     0
09.06.2007 07:00:00   ;     0
10.06.2007 07:00:00   ;     0
11.06.2007 07:00:00   ;     0
12.06.2007 07:00:00   ;     0
13.06.2007 07:00:00   ;     0
14.06.2007 07:00:00   ;     0
15.06.2007 07:00:00   ;     0
16.06.2007 07:00:00   ;     0
17.06.2007 07:00:00   ;     0
18.06.2007 07:00:00   ;     0
19.06.2007 07:00:00   ;     0
20.06.2007 07:00:00   ;     0
21.06.2007 07:00:00   ;     0
22.06.2007 07:00:00   ;     0
23.06.2007 07:00:00   ;     0
24.06.2007 07:00:00   ;     0
25.06.2007 07:00:00   ;     0
26.06.2007 07:00:00   ;     0
27.06.2007 07:00:00   ;     0
28.06.2007 07:00:00   ;     0
29.06.2007 07:00:00   ;     0
30.06.2007 07:00:00   ;     0
01.07.2007 07:00:00   ;     0
02.07.2007 07:00:00   ;     0
03.07.2007 07:00:00   ;     0
04.07.2007 07:00:00   ;     0
05.07.2007 07:00:00   ;     0
06.07.2007 07:00:00   ;     0
07.07.2007 07:00:00   ;     0
08.07.2007 07:00:00   ;     0
09.07.2007 07:00:00   ;     0
10.07.2007 07:00:00   ;     0
11.07.2007 07:00:00   ;     0
12.07.2007 07:00:00   ;     0
13.07.2007 07:00:00   ;     0
14.07.2007 07:00:00   ;     0
15.07.2007 07:00:00   ;     0
16.07.2007 07:00:00   ;     0
17.07.2007 07:00:00   ;     0
18.07.2007 07:00:00   ;     0
19.07.2007 07:00:00   ;     0
20.07.2007 07:00:00   ;     0
21.07.2007 07:00:00   ;     0
22.07.2007 07:00:00   ;     0
23.07.2007 07:00:00   ;     0
24.07.2007 07:00:00   ;     0
25.07.2007 07:00:00   ;     0
26.07.2007 07:00:00   ;     0
27.07.2007 07:00:00   ;     0
28.07.2007 07:00:00   ;     0
29.07.2007 07:00:00   ;     0
30.07.2007 07:00:00   ;     0
31.07.2007 07:00:00   ;     0
01.08.2007 07:00:00   ;     0
02.08.2007 07:00:00   ;     0
03.08.2007 07:00:00   ;     0
04.08.2007 07:00:00   ;     0
05.08.2007 07:00:00   ;     0
06.08.2007 07:00:00   ;     0
07.08.2007 07:00:00   ;     0
08.08.2007 07:00:00   ;     0
09.08.2007 07:00:00   ;     0
10.08.2007 07:00:00   ;     0
11.08.2007 07:00:00   ;     0
12.08.2007 07:00:00   ;     0
13.08.2007 07:00:00   ;     0
14.08.2007 07:00:00   ;     0
15.08.2007 07:00:00   ;     0
16.08.2007 07:00:00   ;     0
17.08.2007 07:00:00   ;     0
18.08.2007 07:00:00   ;     0
19.08.2007 07:00:00   ;     0
20.08.2007 07:00:00   ;     0
21.08.2007 07:00:00   ;     0
22.08.2007 07:00:00   ;     0
23.08.2007 07:00:00   ;     0
24.08.2007 07:00:00   ;     0
25.08.2007 07:00:00   ;     0
26.08.2007 07:00:00   ;     0
27.08.2007 07:00:00   ;     0
28.08.2007 07:00:00   ;     0
29.08.2007 07:00:00   ;     0
30.08.2007 07:00:00   ;     0
31.08.2007 07:00:00   ;     0
01.09.2007 07:00:00   ;     0
02.09.2007 07:00:00   ;     0
03.09.2007 07:00:00   ;     0
04.09.2007 07:00:00   ;     0
05.09.2007 07:00:00   ;     1
06.09.2007 07:00:00   ;     0
07.09.2007 07:00:00   ;     0
08.09.2007 07:00:00   ;     0
09.09.2007 07:00:00   ;     0
10.09.2007 07:00:00   ;     0
11.09.2007 07:00:00   ;     0
12.09.2007 07:00:00   ;     0
13.09.2007 07:00:00   ;     0
14.09.2007 07:00:00   ;     0
15.09.2007 07:00:00   ;     0
16.09.2007 07:00:00   ;     0
17.09.2007 07:00:00   ;     0
18.09.2007 07:00:00   ;     0
19.09.2007 07:00:00   ;     0
20.09.2007 07:00:00   ;     0
21.09.2007 07:00:00   ;     0
22.09.2007 07:00:00   ;     0
23.09.2007 07:00:00   ;     0
24.09.2007 07:00:00   ;     0
25.09.2007 07:00:00   ;     0
26.09.2007 07:00:00   ;     0
27.09.2007 07:00:00   ;     3
28.09.2007 07:00:00   ;    25
29.09.2007 07:00:00   ;    10
30.09.2007 07:00:00   ;     3
01.10.2007 07:00:00   ;     0
02.10.2007 07:00:00   ;     0
03.10.2007 07:00:00   ;     0
04.10.2007 07:00:00   ;     0
05.10.2007 07:00:00   ;     0
06.10.2007 07:00:00   ;     0
07.10.2007 07:00:00   ;     0
08.10.2007 07:00:00   ;     0
09.10.2007 07:00:00   ;     0
10.10.2007 07:00:00   ;     0
11.10.2007 07:00:00   ;     0
12.10.2007 07:00:00   ;     0
13.10.2007 07:00:00   ;     0
14.10.2007 07:00:00   ;     0
15.10.2007 07:00:00   ;     0
16.10.2007 07:00:00   ;     0
17.10.2007 07:00:00   ;     0
18.10.2007 07:00:00   ;     0
19.10.2007 07:00:00   ;     0
20.10.2007 07:00:00   ;     1
21.10.2007 07:00:00   ;     0
22.10.2007 07:00:00   ;     0
23.10.2007 07:00:00   ;     0
24.10.2007 07:00:00   ;     3
25.10.2007 07:00:00   ;     0
26.10.2007 07:00:00   ;     0
27.10.2007 07:00:00   ;     0
28.10.2007 07:00:00   ;     0
29.10.2007 07:00:00   ;     0
30.10.2007 07:00:00   ;     0
31.10.2007 07:00:00   ;     1
01.11.2007 07:00:00   ;     0
02.11.2007 07:00:00   ;     0
03.11.2007 07:00:00   ;     0
04.11.2007 07:00:00   ;     0
05.11.2007 07:00:00   ;     0
06.11.2007 07:00:00   ;     0
07.11.2007 07:00:00   ;     0
08.11.2007 07:00:00   ;     2
09.11.2007 07:00:00   ;     1
10.11.2007 07:00:00   ;     4
11.11.2007 07:00:00   ;    36
12.11.2007 07:00:00   ;    20
13.11.2007 07:00:00   ;    15
14.11.2007 07:00:00   ;    15
15.11.2007 07:00:00   ;    14
16.11.2007 07:00:00   ;    14
17.11.2007 07:00:00   ;    14
18.11.2007 07:00:00   ;    14
19.11.2007 07:00:00   ;    14
20.11.2007 07:00:00   ;    13
21.11.2007 07:00:00   ;    13
22.11.2007 07:00:00   ;    11
23.11.2007 07:00:00   ;    10
24.11.2007 07:00:00   ;     5
25.11.2007 07:00:00   ;     5
26.11.2007 07:00:00   ;     5
27.11.2007 07:00:00   ;     6
28.11.2007 07:00:00   ;     6
29.11.2007 07:00:00   ;     6
30.11.2007 07:00:00   ;     4
01.12.2007 07:00:00   ;     4
02.12.2007 07:00:00   ;     2
03.12.2007 07:00:00   ;     5
04.12.2007 07:00:00   ;     4
05.12.2007 07:00:00   ;     5
06.12.2007 07:00:00   ;     3
07.12.2007 07:00:00   ;     3
08.12.2007 07:00:00   ;     3
09.12.2007 07:00:00   ;     2
10.12.2007 07:00:00   ;     2
11.12.2007 07:00:00   ;     2
12.12.2007 07:00:00   ;     2
13.12.2007 07:00:00   ;     2
14.12.2007 07:00:00   ;     2
15.12.2007 07:00:00   ;     2
16.12.2007 07:00:00   ;     2
17.12.2007 07:00:00   ;     2
18.12.2007 07:00:00   ;     2
19.12.2007 07:00:00   ;     2
20.12.2007 07:00:00   ;     2
21.12.2007 07:00:00   ;     0
22.12.2007 07:00:00   ;     0
23.12.2007 07:00:00   ;     0
24.12.2007 07:00:00   ;     0
25.12.2007 07:00:00   ;     0
26.12.2007 07:00:00   ;     0
27.12.2007 07:00:00   ;     0
28.12.2007 07:00:00   ;     0
29.12.2007 07:00:00   ;     0
30.12.2007 07:00:00   ;     0
31.12.2007 07:00:00   ;     0
01.01.2008 07:00:00   ;     0
02.01.2008 07:00:00   ;     0
03.01.2008 07:00:00   ;     0
04.01.2008 07:00:00   ;     0
05.01.2008 07:00:00   ;     0
06.01.2008 07:00:00   ;    11
07.01.2008 07:00:00   ;     7
08.01.2008 07:00:00   ;     5
09.01.2008 07:00:00   ;     3
10.01.2008 07:00:00   ;     2
11.01.2008 07:00:00   ;     1
12.01.2008 07:00:00   ;     2
13.01.2008 07:00:00   ;    39
14.01.2008 07:00:00   ;    35
15.01.2008 07:00:00   ;    30
16.01.2008 07:00:00   ;    29
17.01.2008 07:00:00   ;    38
18.01.2008 07:00:00   ;    50
19.01.2008 07:00:00   ;    40
20.01.2008 07:00:00   ;    36
21.01.2008 07:00:00   ;    33
22.01.2008 07:00:00   ;    30
23.01.2008 07:00:00   ;    29
24.01.2008 07:00:00   ;    28
25.01.2008 07:00:00   ;    25
26.01.2008 07:00:00   ;    25
27.01.2008 07:00:00   ;    23
28.01.2008 07:00:00   ;    16
29.01.2008 07:00:00   ;    14
30.01.2008 07:00:00   ;    11
31.01.2008 07:00:00   ;    10
01.02.2008 07:00:00   ;     8
02.02.2008 07:00:00   ;    10
03.02.2008 07:00:00   ;    20
04.02.2008 07:00:00   ;    26
05.02.2008 07:00:00   ;    33
06.02.2008 07:00:00   ;    25
07.02.2008 07:00:00   ;    19
08.02.2008 07:00:00   ;    19
09.02.2008 07:00:00   ;    16
10.02.2008 07:00:00   ;    13
11.02.2008 07:00:00   ;    11
12.02.2008 07:00:00   ;    10
13.02.2008 07:00:00   ;     9
14.02.2008 07:00:00   ;     8
15.02.2008 07:00:00   ;     4
16.02.2008 07:00:00   ;     3
17.02.2008 07:00:00   ;     3
18.02.2008 07:00:00   ;     3
19.02.2008 07:00:00   ;     2
20.02.2008 07:00:00   ;     1
21.02.2008 07:00:00   ;     0
22.02.2008 07:00:00   ;     0
23.02.2008 07:00:00   ;     0
24.02.2008 07:00:00   ;     0
25.02.2008 07:00:00   ;     0
26.02.2008 07:00:00   ;     0
27.02.2008 07:00:00   ;     0
28.02.2008 07:00:00   ;     0
29.02.2008 07:00:00   ;     0
01.03.2008 07:00:00   ;     0
02.03.2008 07:00:00   ;     6
03.03.2008 07:00:00   ;     5
04.03.2008 07:00:00   ;    20
05.03.2008 07:00:00   ;    32
06.03.2008 07:00:00   ;    22
07.03.2008 07:00:00   ;    14
08.03.2008 07:00:00   ;    11
09.03.2008 07:00:00   ;     8
10.03.2008 07:00:00   ;     6
11.03.2008 07:00:00   ;    10
12.03.2008 07:00:00   ;    10
13.03.2008 07:00:00   ;     1
14.03.2008 07:00:00   ;     0
15.03.2008 07:00:00   ;     0
16.03.2008 07:00:00   ;     0
17.03.2008 07:00:00   ;    10
18.03.2008 07:00:00   ;     0
19.03.2008 07:00:00   ;     0
20.03.2008 07:00:00   ;     0
21.03.2008 07:00:00   ;     1
22.03.2008 07:00:00   ;    15
23.03.2008 07:00:00   ;    17
24.03.2008 07:00:00   ;    19
25.03.2008 07:00:00   ;    19
26.03.2008 07:00:00   ;    12
27.03.2008 07:00:00   ;     6
28.03.2008 07:00:00   ;    20
29.03.2008 07:00:00   ;     7
30.03.2008 07:00:00   ;     1
31.03.2008 07:00:00   ;     0
01.04.2008 07:00:00   ;     0
02.04.2008 07:00:00   ;     0
03.04.2008 07:00:00   ;     1
04.04.2008 07:00:00   ;     0
05.04.2008 07:00:00   ;     0
06.04.2008 07:00:00   ;     0
07.04.2008 07:00:00   ;    20
08.04.2008 07:00:00   ;    16
09.04.2008 07:00:00   ;    10
10.04.2008 07:00:00   ;     5
11.04.2008 07:00:00   ;     0
12.04.2008 07:00:00   ;     0
13.04.2008 07:00:00   ;     1
14.04.2008 07:00:00   ;     1
15.04.2008 07:00:00   ;     0
16.04.2008 07:00:00   ;     0
17.04.2008 07:00:00   ;     2
18.04.2008 07:00:00   ;     0
19.04.2008 07:00:00   ;     0
20.04.2008 07:00:00   ;     0
21.04.2008 07:00:00   ;     0
22.04.2008 07:00:00   ;     5
23.04.2008 07:00:00   ;     3
24.04.2008 07:00:00   ;     0
25.04.2008 07:00:00   ;     0
26.04.2008 07:00:00   ;     2
27.04.2008 07:00:00   ;     0
28.04.2008 07:00:00   ;     0
29.04.2008 07:00:00   ;     0
30.04.2008 07:00:00   ;     0
01.05.2008 07:00:00   ;     0
02.05.2008 07:00:00   ;     0
03.05.2008 07:00:00   ;     0
04.05.2008 07:00:00   ;     0
05.05.2008 07:00:00   ;     0
06.05.2008 07:00:00   ;     0
07.05.2008 07:00:00   ;     0
08.05.2008 07:00:00   ;     0
09.05.2008 07:00:00   ;     0
10.05.2008 07:00:00   ;     0
11.05.2008 07:00:00   ;     0
12.05.2008 07:00:00   ;     0
13.05.2008 07:00:00   ;     0
14.05.2008 07:00:00   ;     0
15.05.2008 07:00:00   ;     0
16.05.2008 07:00:00   ;     0
17.05.2008 07:00:00   ;     0
18.05.2008 07:00:00   ;     0
19.05.2008 07:00:00   ;     0
20.05.2008 07:00:00   ;     0
21.05.2008 07:00:00   ;     0
22.05.2008 07:00:00   ;     0
23.05.2008 07:00:00   ;     0
24.05.2008 07:00:00   ;     0
25.05.2008 07:00:00   ;     0
26.05.2008 07:00:00   ;     0
27.05.2008 07:00:00   ;     0
28.05.2008 07:00:00   ;     0
29.05.2008 07:00:00   ;     0
30.05.2008 07:00:00   ;     0
31.05.2008 07:00:00   ;     0
01.06.2008 07:00:00   ;     0
02.06.2008 07:00:00   ;     0
03.06.2008 07:00:00   ;     0
04.06.2008 07:00:00   ;     0
05.06.2008 07:00:00   ;     0
06.06.2008 07:00:00   ;     0
07.06.2008 07:00:00   ;     0
08.06.2008 07:00:00   ;     0
09.06.2008 07:00:00   ;     0
10.06.2008 07:00:00   ;     0
11.06.2008 07:00:00   ;     0
12.06.2008 07:00:00   ;     0
13.06.2008 07:00:00   ;     0
14.06.2008 07:00:00   ;     0
15.06.2008 07:00:00   ;     0
16.06.2008 07:00:00   ;     0
17.06.2008 07:00:00   ;     0
18.06.2008 07:00:00   ;     0
19.06.2008 07:00:00   ;     0
20.06.2008 07:00:00   ;     0
21.06.2008 07:00:00   ;     0
22.06.2008 07:00:00   ;     0
23.06.2008 07:00:00   ;     0
24.06.2008 07:00:00   ;     0
25.06.2008 07:00:00   ;     0
26.06.2008 07:00:00   ;     0
27.06.2008 07:00:00   ;     0
28.06.2008 07:00:00   ;     0
29.06.2008 07:00:00   ;     0
30.06.2008 07:00:00   ;     0
01.07.2008 07:00:00   ;     0
02.07.2008 07:00:00   ;     0
03.07.2008 07:00:00   ;     0
04.07.2008 07:00:00   ;     0
05.07.2008 07:00:00   ;     0
06.07.2008 07:00:00   ;     0
07.07.2008 07:00:00   ;     0
08.07.2008 07:00:00   ;     0
09.07.2008 07:00:00   ;     0
10.07.2008 07:00:00   ;     0
11.07.2008 07:00:00   ;     0
12.07.2008 07:00:00   ;     0
13.07.2008 07:00:00   ;     0
14.07.2008 07:00:00   ;     0
15.07.2008 07:00:00   ;     0
16.07.2008 07:00:00   ;     0
17.07.2008 07:00:00   ;     0
18.07.2008 07:00:00   ;     0
19.07.2008 07:00:00   ;     0
20.07.2008 07:00:00   ;     0
21.07.2008 07:00:00   ;     0
22.07.2008 07:00:00   ;     0
23.07.2008 07:00:00   ;     0
24.07.2008 07:00:00   ;     0
25.07.2008 07:00:00   ;     0
26.07.2008 07:00:00   ;     0
27.07.2008 07:00:00   ;     0
28.07.2008 07:00:00   ;     0
29.07.2008 07:00:00   ;     0
30.07.2008 07:00:00   ;     0
31.07.2008 07:00:00   ;     0
01.08.2008 07:00:00   ;     0
02.08.2008 07:00:00   ;     0
03.08.2008 07:00:00   ;     0
04.08.2008 07:00:00   ;     0
05.08.2008 07:00:00   ;     0
06.08.2008 07:00:00   ;     0
07.08.2008 07:00:00   ;     0
08.08.2008 07:00:00   ;     0
09.08.2008 07:00:00   ;     0
10.08.2008 07:00:00   ;     0
11.08.2008 07:00:00   ;     0
12.08.2008 07:00:00   ;     0
13.08.2008 07:00:00   ;     0
14.08.2008 07:00:00   ;     0
15.08.2008 07:00:00   ;     0
16.08.2008 07:00:00   ;     0
17.08.2008 07:00:00   ;     0
18.08.2008 07:00:00   ;     0
19.08.2008 07:00:00   ;     0
20.08.2008 07:00:00   ;     0
21.08.2008 07:00:00   ;     0
22.08.2008 07:00:00   ;     0
23.08.2008 07:00:00   ;     0
24.08.2008 07:00:00   ;     0
25.08.2008 07:00:00   ;     0
26.08.2008 07:00:00   ;     0
27.08.2008 07:00:00   ;     0
28.08.2008 07:00:00   ;     0
29.08.2008 07:00:00   ;     0
30.08.2008 07:00:00   ;     0
31.08.2008 07:00:00   ;     0
01.09.2008 07:00:00   ;     0
02.09.2008 07:00:00   ;     0
03.09.2008 07:00:00   ;     0
04.09.2008 07:00:00   ;     0
05.09.2008 07:00:00   ;     0
06.09.2008 07:00:00   ;     0
07.09.2008 07:00:00   ;     0
08.09.2008 07:00:00   ;     0
09.09.2008 07:00:00   ;     0
10.09.2008 07:00:00   ;     0
11.09.2008 07:00:00   ;     0
12.09.2008 07:00:00   ;     0
13.09.2008 07:00:00   ;     0
14.09.2008 07:00:00   ;     0
15.09.2008 07:00:00   ;     0
16.09.2008 07:00:00   ;     0
17.09.2008 07:00:00   ;     0
18.09.2008 07:00:00   ;     0
19.09.2008 07:00:00   ;     0
20.09.2008 07:00:00   ;     0
21.09.2008 07:00:00   ;     0
22.09.2008 07:00:00   ;     0
23.09.2008 07:00:00   ;     0
24.09.2008 07:00:00   ;     2
25.09.2008 07:00:00   ;     0
26.09.2008 07:00:00   ;     0
27.09.2008 07:00:00   ;     0
28.09.2008 07:00:00   ;     0
29.09.2008 07:00:00   ;     0
30.09.2008 07:00:00   ;     0
01.10.2008 07:00:00   ;     0
02.10.2008 07:00:00   ;     0
03.10.2008 07:00:00   ;     0
04.10.2008 07:00:00   ;    22
05.10.2008 07:00:00   ;     8
06.10.2008 07:00:00   ;     0
07.10.2008 07:00:00   ;     0
08.10.2008 07:00:00   ;     0
09.10.2008 07:00:00   ;     0
10.10.2008 07:00:00   ;     0
11.10.2008 07:00:00   ;     0
12.10.2008 07:00:00   ;     0
13.10.2008 07:00:00   ;     0
14.10.2008 07:00:00   ;     0
15.10.2008 07:00:00   ;     0
16.10.2008 07:00:00   ;     0
17.10.2008 07:00:00   ;     0
18.10.2008 07:00:00   ;     0
19.10.2008 07:00:00   ;     0
20.10.2008 07:00:00   ;     0
21.10.2008 07:00:00   ;     0
22.10.2008 07:00:00   ;     0
23.10.2008 07:00:00   ;     0
24.10.2008 07:00:00   ;     0
25.10.2008 07:00:00   ;     0
26.10.2008 07:00:00   ;     0
27.10.2008 07:00:00   ;     0
28.10.2008 07:00:00   ;     0
29.10.2008 07:00:00   ;     0
30.10.2008 07:00:00   ;     0
31.10.2008 07:00:00   ;     8
01.11.2008 07:00:00   ;     0
02.11.2008 07:00:00   ;     0
03.11.2008 07:00:00   ;     0
04.11.2008 07:00:00   ;     0
05.11.2008 07:00:00   ;     0
06.11.2008 07:00:00   ;     0
07.11.2008 07:00:00   ;     0
08.11.2008 07:00:00   ;     0
09.11.2008 07:00:00   ;     0
10.11.2008 07:00:00   ;     0
11.11.2008 07:00:00   ;     0
12.11.2008 07:00:00   ;     0
13.11.2008 07:00:00   ;     4
14.11.2008 07:00:00   ;    20
15.11.2008 07:00:00   ;     9
16.11.2008 07:00:00   ;     5
17.11.2008 07:00:00   ;     3
18.11.2008 07:00:00   ;     1
19.11.2008 07:00:00   ;     1
20.11.2008 07:00:00   ;     0
21.11.2008 07:00:00   ;     0
22.11.2008 07:00:00   ;     2
23.11.2008 07:00:00   ;     5
24.11.2008 07:00:00   ;     5
25.11.2008 07:00:00   ;     6
26.11.2008 07:00:00   ;     5
27.11.2008 07:00:00   ;     5
28.11.2008 07:00:00   ;     4
29.11.2008 07:00:00   ;    18
30.11.2008 07:00:00   ;    40
01.12.2008 07:00:00   ;    65
02.12.2008 07:00:00   ;   100
03.12.2008 07:00:00   ;    90
04.12.2008 07:00:00   ;    83
05.12.2008 07:00:00   ;    75
06.12.2008 07:00:00   ;    78
07.12.2008 07:00:00   ;    71
08.12.2008 07:00:00   ;    64
09.12.2008 07:00:00   ;    63
10.12.2008 07:00:00   ;    62
11.12.2008 07:00:00   ;    82
12.12.2008 07:00:00   ;   110
13.12.2008 07:00:00   ;   115
14.12.2008 07:00:00   ;   115
15.12.2008 07:00:00   ;   122
16.12.2008 07:00:00   ;   117
17.12.2008 07:00:00   ;   123
18.12.2008 07:00:00   ;   115
19.12.2008 07:00:00   ;   110
20.12.2008 07:00:00   ;   102
21.12.2008 07:00:00   ;   104
22.12.2008 07:00:00   ;    98
23.12.2008 07:00:00   ;    96
24.12.2008 07:00:00   ;    91
25.12.2008 07:00:00   ;    89
26.12.2008 07:00:00   ;    91
27.12.2008 07:00:00   ;    90
28.12.2008 07:00:00   ;    90
29.12.2008 07:00:00   ;    90
30.12.2008 07:00:00   ;    89
31.12.2008 07:00:00   ;    88
01.01.2009 07:00:00   ;    89
02.01.2009 07:00:00   ;    88
03.01.2009 07:00:00   ;    87
04.01.2009 07:00:00   ;    87
05.01.2009 07:00:00   ;    86
06.01.2009 07:00:00   ;    87
07.01.2009 07:00:00   ;    87
08.01.2009 07:00:00   ;    87
09.01.2009 07:00:00   ;    87
10.01.2009 07:00:00   ;    85
11.01.2009 07:00:00   ;    83
12.01.2009 07:00:00   ;    82
13.01.2009 07:00:00   ;    80
14.01.2009 07:00:00   ;    78
15.01.2009 07:00:00   ;    88
16.01.2009 07:00:00   ;    84
17.01.2009 07:00:00   ;    80
18.01.2009 07:00:00   ;    76
19.01.2009 07:00:00   ;    80
20.01.2009 07:00:00   ;    92
21.01.2009 07:00:00   ;   140
22.01.2009 07:00:00   ;   138
23.01.2009 07:00:00   ;   124
24.01.2009 07:00:00   ;   125
25.01.2009 07:00:00   ;   120
26.01.2009 07:00:00   ;   115
27.01.2009 07:00:00   ;   115
28.01.2009 07:00:00   ;   125
29.01.2009 07:00:00   ;   115
30.01.2009 07:00:00   ;   110
31.01.2009 07:00:00   ;   106
01.02.2009 07:00:00   ;   111
02.02.2009 07:00:00   ;   115
03.02.2009 07:00:00   ;   124
04.02.2009 07:00:00   ;   117
05.02.2009 07:00:00   ;   105
06.02.2009 07:00:00   ;   110
07.02.2009 07:00:00   ;   120
08.02.2009 07:00:00   ;   135
09.02.2009 07:00:00   ;   123
10.02.2009 07:00:00   ;   118
11.02.2009 07:00:00   ;   120
12.02.2009 07:00:00   ;   115
13.02.2009 07:00:00   ;   115
14.02.2009 07:00:00   ;   113
15.02.2009 07:00:00   ;   113
16.02.2009 07:00:00   ;   110
17.02.2009 07:00:00   ;   109
18.02.2009 07:00:00   ;   116
19.02.2009 07:00:00   ;   112
20.02.2009 07:00:00   ;   110
21.02.2009 07:00:00   ;   108
22.02.2009 07:00:00   ;   107
23.02.2009 07:00:00   ;   106
24.02.2009 07:00:00   ;   106
25.02.2009 07:00:00   ;   106
26.02.2009 07:00:00   ;   105
27.02.2009 07:00:00   ;   100
28.02.2009 07:00:00   ;    98
01.03.2009 07:00:00   ;    90
02.03.2009 07:00:00   ;    86
03.03.2009 07:00:00   ;    83
04.03.2009 07:00:00   ;    90
05.03.2009 07:00:00   ;   120
06.03.2009 07:00:00   ;   127
07.03.2009 07:00:00   ;   110
08.03.2009 07:00:00   ;   105
09.03.2009 07:00:00   ;    98
10.03.2009 07:00:00   ;   100
11.03.2009 07:00:00   ;   100
12.03.2009 07:00:00   ;    98
13.03.2009 07:00:00   ;    98
14.03.2009 07:00:00   ;    86
15.03.2009 07:00:00   ;    83
16.03.2009 07:00:00   ;    78
17.03.2009 07:00:00   ;    75
18.03.2009 07:00:00   ;    66
19.03.2009 07:00:00   ;    64
20.03.2009 07:00:00   ;    63
21.03.2009 07:00:00   ;    63
22.03.2009 07:00:00   ;    63
23.03.2009 07:00:00   ;    61
24.03.2009 07:00:00   ;    60
25.03.2009 07:00:00   ;    56
26.03.2009 07:00:00   ;    64
27.03.2009 07:00:00   ;    60
28.03.2009 07:00:00   ;    56
29.03.2009 07:00:00   ;    58
30.03.2009 07:00:00   ;   100
31.03.2009 07:00:00   ;    80
01.04.2009 07:00:00   ;    68
02.04.2009 07:00:00   ;    43
03.04.2009 07:00:00   ;    40
04.04.2009 07:00:00   ;    35
05.04.2009 07:00:00   ;    30
06.04.2009 07:00:00   ;    28
07.04.2009 07:00:00   ;    25
08.04.2009 07:00:00   ;    19
09.04.2009 07:00:00   ;    10
10.04.2009 07:00:00   ;     0
11.04.2009 07:00:00   ;     0
12.04.2009 07:00:00   ;     0
13.04.2009 07:00:00   ;     0
14.04.2009 07:00:00   ;     0
15.04.2009 07:00:00   ;     0
16.04.2009 07:00:00   ;     0
17.04.2009 07:00:00   ;     3
18.04.2009 07:00:00   ;     0
19.04.2009 07:00:00   ;     0
20.04.2009 07:00:00   ;     0
21.04.2009 07:00:00   ;     0
22.04.2009 07:00:00   ;     0
23.04.2009 07:00:00   ;     0
24.04.2009 07:00:00   ;     0
25.04.2009 07:00:00   ;     0
26.04.2009 07:00:00   ;     0
27.04.2009 07:00:00   ;     0
28.04.2009 07:00:00   ;     0
29.04.2009 07:00:00   ;     0
30.04.2009 07:00:00   ;     1
01.05.2009 07:00:00   ;     0
02.05.2009 07:00:00   ;     0
03.05.2009 07:00:00   ;     0
04.05.2009 07:00:00   ;     0
05.05.2009 07:00:00   ;     0
06.05.2009 07:00:00   ;     0
07.05.2009 07:00:00   ;     0
08.05.2009 07:00:00   ;     0
09.05.2009 07:00:00   ;     0
10.05.2009 07:00:00   ;     0
11.05.2009 07:00:00   ;     0
12.05.2009 07:00:00   ;     0
13.05.2009 07:00:00   ;     0
14.05.2009 07:00:00   ;     0
15.05.2009 07:00:00   ;     0
16.05.2009 07:00:00   ;     0
17.05.2009 07:00:00   ;     0
18.05.2009 07:00:00   ;     0
19.05.2009 07:00:00   ;     0
20.05.2009 07:00:00   ;     0
21.05.2009 07:00:00   ;     0
22.05.2009 07:00:00   ;     0
23.05.2009 07:00:00   ;     0
24.05.2009 07:00:00   ;     0
25.05.2009 07:00:00   ;     0
26.05.2009 07:00:00   ;     0
27.05.2009 07:00:00   ;     0
28.05.2009 07:00:00   ;     0
29.05.2009 07:00:00   ;     0
30.05.2009 07:00:00   ;     0
31.05.2009 07:00:00   ;     0
01.06.2009 07:00:00   ;     0
02.06.2009 07:00:00   ;     0
03.06.2009 07:00:00   ;     0
04.06.2009 07:00:00   ;     0
05.06.2009 07:00:00   ;     0
06.06.2009 07:00:00   ;     0
07.06.2009 07:00:00   ;     0
08.06.2009 07:00:00   ;     0
09.06.2009 07:00:00   ;     0
10.06.2009 07:00:00   ;     0
11.06.2009 07:00:00   ;     0
12.06.2009 07:00:00   ;     0
13.06.2009 07:00:00   ;     0
14.06.2009 07:00:00   ;     0
15.06.2009 07:00:00   ;     0
16.06.2009 07:00:00   ;     0
17.06.2009 07:00:00   ;     0
18.06.2009 07:00:00   ;     0
19.06.2009 07:00:00   ;     0
20.06.2009 07:00:00   ;     0
21.06.2009 07:00:00   ;     0
22.06.2009 07:00:00   ;     0
23.06.2009 07:00:00   ;     0
24.06.2009 07:00:00   ;     0
25.06.2009 07:00:00   ;     0
26.06.2009 07:00:00   ;     0
27.06.2009 07:00:00   ;     0
28.06.2009 07:00:00   ;     0
29.06.2009 07:00:00   ;     0
30.06.2009 07:00:00   ;     0
01.07.2009 07:00:00   ;     0
02.07.2009 07:00:00   ;     0
03.07.2009 07:00:00   ;     0
04.07.2009 07:00:00   ;     0
05.07.2009 07:00:00   ;     0
06.07.2009 07:00:00   ;     0
07.07.2009 07:00:00   ;     0
08.07.2009 07:00:00   ;     0
09.07.2009 07:00:00   ;     0
10.07.2009 07:00:00   ;     0
11.07.2009 07:00:00   ;     0
12.07.2009 07:00:00   ;     0
13.07.2009 07:00:00   ;     0
14.07.2009 07:00:00   ;     0
15.07.2009 07:00:00   ;     0
16.07.2009 07:00:00   ;     0
17.07.2009 07:00:00   ;     0
18.07.2009 07:00:00   ;     0
19.07.2009 07:00:00   ;     0
20.07.2009 07:00:00   ;     0
21.07.2009 07:00:00   ;     0
22.07.2009 07:00:00   ;     0
23.07.2009 07:00:00   ;     0
24.07.2009 07:00:00   ;     0
25.07.2009 07:00:00   ;     0
26.07.2009 07:00:00   ;     0
27.07.2009 07:00:00   ;     0
28.07.2009 07:00:00   ;     0
29.07.2009 07:00:00   ;     0
30.07.2009 07:00:00   ;     0
31.07.2009 07:00:00   ;     0
01.08.2009 07:00:00   ;     0
02.08.2009 07:00:00   ;     0
03.08.2009 07:00:00   ;     0
04.08.2009 07:00:00   ;     0
05.08.2009 07:00:00   ;     0
06.08.2009 07:00:00   ;     0
07.08.2009 07:00:00   ;     0
08.08.2009 07:00:00   ;     0
09.08.2009 07:00:00   ;     0
10.08.2009 07:00:00   ;     0
11.08.2009 07:00:00   ;     0
12.08.2009 07:00:00   ;     0
13.08.2009 07:00:00   ;     0
14.08.2009 07:00:00   ;     0
15.08.2009 07:00:00   ;     0
16.08.2009 07:00:00   ;     0
17.08.2009 07:00:00   ;     0
18.08.2009 07:00:00   ;     0
19.08.2009 07:00:00   ;     0
20.08.2009 07:00:00   ;     0
21.08.2009 07:00:00   ;     0
22.08.2009 07:00:00   ;     0
23.08.2009 07:00:00   ;     0
24.08.2009 07:00:00   ;     0
25.08.2009 07:00:00   ;     0
26.08.2009 07:00:00   ;     0
27.08.2009 07:00:00   ;     0
28.08.2009 07:00:00   ;     0
29.08.2009 07:00:00   ;     0
30.08.2009 07:00:00   ;     0
31.08.2009 07:00:00   ;     0
01.09.2009 07:00:00   ;     0
02.09.2009 07:00:00   ;     0
03.09.2009 07:00:00   ;     0
04.09.2009 07:00:00   ;     0
05.09.2009 07:00:00   ;     0
06.09.2009 07:00:00   ;     0
07.09.2009 07:00:00   ;     0
08.09.2009 07:00:00   ;     0
09.09.2009 07:00:00   ;     0
10.09.2009 07:00:00   ;     0
11.09.2009 07:00:00   ;     0
12.09.2009 07:00:00   ;     0
13.09.2009 07:00:00   ;     0
14.09.2009 07:00:00   ;     1
15.09.2009 07:00:00   ;     0
16.09.2009 07:00:00   ;     0
17.09.2009 07:00:00   ;     0
18.09.2009 07:00:00   ;     0
19.09.2009 07:00:00   ;     0
20.09.2009 07:00:00   ;     0
21.09.2009 07:00:00   ;     0
22.09.2009 07:00:00   ;     0
23.09.2009 07:00:00   ;     0
24.09.2009 07:00:00   ;     0
25.09.2009 07:00:00   ;     0
26.09.2009 07:00:00   ;     0
27.09.2009 07:00:00   ;     0
28.09.2009 07:00:00   ;     0
29.09.2009 07:00:00   ;     0
30.09.2009 07:00:00   ;     0
01.10.2009 07:00:00   ;     0
02.10.2009 07:00:00   ;     0
03.10.2009 07:00:00   ;     0
04.10.2009 07:00:00   ;     0
05.10.2009 07:00:00   ;     0
06.10.2009 07:00:00   ;     0
07.10.2009 07:00:00   ;     0
08.10.2009 07:00:00   ;     0
09.10.2009 07:00:00   ;     0
10.10.2009 07:00:00   ;     0
11.10.2009 07:00:00   ;     0
12.10.2009 07:00:00   ;     0
13.10.2009 07:00:00   ;     2
14.10.2009 07:00:00   ;     1
15.10.2009 07:00:00   ;     0
16.10.2009 07:00:00   ;     0
17.10.2009 07:00:00   ;     0
18.10.2009 07:00:00   ;     0
19.10.2009 07:00:00   ;     0
20.10.2009 07:00:00   ;     0
21.10.2009 07:00:00   ;     0
22.10.2009 07:00:00   ;     0
23.10.2009 07:00:00   ;     0
24.10.2009 07:00:00   ;     0
25.10.2009 07:00:00   ;     0
26.10.2009 07:00:00   ;     0
27.10.2009 07:00:00   ;     0
28.10.2009 07:00:00   ;     0
29.10.2009 07:00:00   ;     0
30.10.2009 07:00:00   ;     0
31.10.2009 07:00:00   ;     0
01.11.2009 07:00:00   ;     0
02.11.2009 07:00:00   ;     0
03.11.2009 07:00:00   ;    25
04.11.2009 07:00:00   ;    12
05.11.2009 07:00:00   ;    15
06.11.2009 07:00:00   ;    10
07.11.2009 07:00:00   ;    10
08.11.2009 07:00:00   ;     4
09.11.2009 07:00:00   ;    13
10.11.2009 07:00:00   ;    13
11.11.2009 07:00:00   ;     4
12.11.2009 07:00:00   ;     2
13.11.2009 07:00:00   ;     1
14.11.2009 07:00:00   ;     0
15.11.2009 07:00:00   ;     0
16.11.2009 07:00:00   ;     0
17.11.2009 07:00:00   ;     0
18.11.2009 07:00:00   ;     0
19.11.2009 07:00:00   ;     0
20.11.2009 07:00:00   ;     0
21.11.2009 07:00:00   ;     0
22.11.2009 07:00:00   ;     0
23.11.2009 07:00:00   ;     0
24.11.2009 07:00:00   ;     0
25.11.2009 07:00:00   ;     0
26.11.2009 07:00:00   ;     0
27.11.2009 07:00:00   ;     0
28.11.2009 07:00:00   ;     0
29.11.2009 07:00:00   ;     0
30.11.2009 07:00:00   ;     5
01.12.2009 07:00:00   ;    50
02.12.2009 07:00:00   ;    67
03.12.2009 07:00:00   ;    57
04.12.2009 07:00:00   ;    43
05.12.2009 07:00:00   ;    52
06.12.2009 07:00:00   ;    46
07.12.2009 07:00:00   ;    41
08.12.2009 07:00:00   ;    45
09.12.2009 07:00:00   ;    50
10.12.2009 07:00:00   ;    45
11.12.2009 07:00:00   ;    40
12.12.2009 07:00:00   ;    36
13.12.2009 07:00:00   ;    37
14.12.2009 07:00:00   ;    38
15.12.2009 07:00:00   ;    38
16.12.2009 07:00:00   ;    39
17.12.2009 07:00:00   ;    39
18.12.2009 07:00:00   ;    39
19.12.2009 07:00:00   ;    40
20.12.2009 07:00:00   ;    41
21.12.2009 07:00:00   ;    41
22.12.2009 07:00:00   ;    43
23.12.2009 07:00:00   ;    64
24.12.2009 07:00:00   ;    50
25.12.2009 07:00:00   ;    38
26.12.2009 07:00:00   ;    40
27.12.2009 07:00:00   ;    38
28.12.2009 07:00:00   ;    37
29.12.2009 07:00:00   ;    36
30.12.2009 07:00:00   ;    35
31.12.2009 07:00:00   ;    40
01.01.2010 07:00:00   ;    43
02.01.2010 07:00:00   ;    42
03.01.2010 07:00:00   ;    40
04.01.2010 07:00:00   ;    40
05.01.2010 07:00:00   ;    40
06.01.2010 07:00:00   ;    41
07.01.2010 07:00:00   ;    41
08.01.2010 07:00:00   ;    46
09.01.2010 07:00:00   ;    50
10.01.2010 07:00:00   ;    58
11.01.2010 07:00:00   ;    53
12.01.2010 07:00:00   ;    54
13.01.2010 07:00:00   ;    52
14.01.2010 07:00:00   ;    52
15.01.2010 07:00:00   ;    51
16.01.2010 07:00:00   ;    50
17.01.2010 07:00:00   ;    48
18.01.2010 07:00:00   ;    47
19.01.2010 07:00:00   ;    46
20.01.2010 07:00:00   ;    45
21.01.2010 07:00:00   ;    45
22.01.2010 07:00:00   ;    45
23.01.2010 07:00:00   ;    45
24.01.2010 07:00:00   ;    44
25.01.2010 07:00:00   ;    44
26.01.2010 07:00:00   ;    44
27.01.2010 07:00:00   ;    45
28.01.2010 07:00:00   ;    45
29.01.2010 07:00:00   ;    45
30.01.2010 07:00:00   ;    46
31.01.2010 07:00:00   ;    50
01.02.2010 07:00:00   ;    50
02.02.2010 07:00:00   ;    50
03.02.2010 07:00:00   ;    50
04.02.2010 07:00:00   ;    50
05.02.2010 07:00:00   ;    51
06.02.2010 07:00:00   ;    58
07.02.2010 07:00:00   ;    56
08.02.2010 07:00:00   ;    55
09.02.2010 07:00:00   ;    54
10.02.2010 07:00:00   ;    53
11.02.2010 07:00:00   ;    65
12.02.2010 07:00:00   ;    70
13.02.2010 07:00:00   ;    65
14.02.2010 07:00:00   ;    62
15.02.2010 07:00:00   ;    60
16.02.2010 07:00:00   ;    58
17.02.2010 07:00:00   ;    56
18.02.2010 07:00:00   ;    53
19.02.2010 07:00:00   ;    50
20.02.2010 07:00:00   ;    70
21.02.2010 07:00:00   ;    70
22.02.2010 07:00:00   ;    70
23.02.2010 07:00:00   ;    65
24.02.2010 07:00:00   ;    60
25.02.2010 07:00:00   ;    61
26.02.2010 07:00:00   ;    62
27.02.2010 07:00:00   ;    67
28.02.2010 07:00:00   ;    64
01.03.2010 07:00:00   ;    64
02.03.2010 07:00:00   ;    60
03.03.2010 07:00:00   ;    60
04.03.2010 07:00:00   ;    61
05.03.2010 07:00:00   ;    60
06.03.2010 07:00:00   ;    60
07.03.2010 07:00:00   ;    60
08.03.2010 07:00:00   ;    60
09.03.2010 07:00:00   ;    61
10.03.2010 07:00:00   ;    71
11.03.2010 07:00:00   ;    80
12.03.2010 07:00:00   ;    74
13.03.2010 07:00:00   ;    68
14.03.2010 07:00:00   ;    65
15.03.2010 07:00:00   ;    60
16.03.2010 07:00:00   ;    60
17.03.2010 07:00:00   ;    60
18.03.2010 07:00:00   ;    58
19.03.2010 07:00:00   ;    55
20.03.2010 07:00:00   ;    48
21.03.2010 07:00:00   ;    45
22.03.2010 07:00:00   ;    37
23.03.2010 07:00:00   ;    30
24.03.2010 07:00:00   ;    25
25.03.2010 07:00:00   ;    20
26.03.2010 07:00:00   ;    15
27.03.2010 07:00:00   ;    10
28.03.2010 07:00:00   ;     5
29.03.2010 07:00:00   ;     0
30.03.2010 07:00:00   ;     0
31.03.2010 07:00:00   ;    23
01.04.2010 07:00:00   ;     5
02.04.2010 07:00:00   ;    15
03.04.2010 07:00:00   ;     5
04.04.2010 07:00:00   ;     6
05.04.2010 07:00:00   ;     5
06.04.2010 07:00:00   ;     0
07.04.2010 07:00:00   ;     0
08.04.2010 07:00:00   ;     0
09.04.2010 07:00:00   ;     0
10.04.2010 07:00:00   ;     0
11.04.2010 07:00:00   ;     0
12.04.2010 07:00:00   ;     0
13.04.2010 07:00:00   ;    10
14.04.2010 07:00:00   ;     2
15.04.2010 07:00:00   ;     0
16.04.2010 07:00:00   ;     0
17.04.2010 07:00:00   ;     0
18.04.2010 07:00:00   ;     2
19.04.2010 07:00:00   ;     2
20.04.2010 07:00:00   ;     0
21.04.2010 07:00:00   ;     0
22.04.2010 07:00:00   ;     0
23.04.2010 07:00:00   ;     0
24.04.2010 07:00:00   ;     0
25.04.2010 07:00:00   ;     0
26.04.2010 07:00:00   ;     0
27.04.2010 07:00:00   ;     0
28.04.2010 07:00:00   ;     0
29.04.2010 07:00:00   ;     0
30.04.2010 07:00:00   ;     0
01.05.2010 07:00:00   ;     0
02.05.2010 07:00:00   ;     0
03.05.2010 07:00:00   ;     0
04.05.2010 07:00:00   ;     0
05.05.2010 07:00:00   ;     0
06.05.2010 07:00:00   ;     0
07.05.2010 07:00:00   ;     0
08.05.2010 07:00:00   ;     0
09.05.2010 07:00:00   ;     0
10.05.2010 07:00:00   ;     0
11.05.2010 07:00:00   ;     0
12.05.2010 07:00:00   ;     0
13.05.2010 07:00:00   ;     0
14.05.2010 07:00:00   ;     0
15.05.2010 07:00:00   ;     0
16.05.2010 07:00:00   ;     0
17.05.2010 07:00:00   ;     0
18.05.2010 07:00:00   ;     0
19.05.2010 07:00:00   ;     0
20.05.2010 07:00:00   ;     0
21.05.2010 07:00:00   ;     0
22.05.2010 07:00:00   ;     0
23.05.2010 07:00:00   ;     0
24.05.2010 07:00:00   ;     0
25.05.2010 07:00:00   ;     0
26.05.2010 07:00:00   ;     0
27.05.2010 07:00:00   ;     0
28.05.2010 07:00:00   ;     0
29.05.2010 07:00:00   ;     0
30.05.2010 07:00:00   ;     0
31.05.2010 07:00:00   ;     0
01.06.2010 07:00:00   ;     0
02.06.2010 07:00:00   ;     0
03.06.2010 07:00:00   ;     0
04.06.2010 07:00:00   ;     0
05.06.2010 07:00:00   ;     0
06.06.2010 07:00:00   ;     0
07.06.2010 07:00:00   ;     0
08.06.2010 07:00:00   ;     0
09.06.2010 07:00:00   ;     0
10.06.2010 07:00:00   ;     0
11.06.2010 07:00:00   ;     0
12.06.2010 07:00:00   ;     0
13.06.2010 07:00:00   ;     0
14.06.2010 07:00:00   ;     0
15.06.2010 07:00:00   ;     0
16.06.2010 07:00:00   ;     0
17.06.2010 07:00:00   ;     0
18.06.2010 07:00:00   ;     0
19.06.2010 07:00:00   ;     0
20.06.2010 07:00:00   ;     0
21.06.2010 07:00:00   ;     0
22.06.2010 07:00:00   ;     0
23.06.2010 07:00:00   ;     0
24.06.2010 07:00:00   ;     0
25.06.2010 07:00:00   ;     0
26.06.2010 07:00:00   ;     0
27.06.2010 07:00:00   ;     0
28.06.2010 07:00:00   ;     0
29.06.2010 07:00:00   ;     0
30.06.2010 07:00:00   ;     0
01.07.2010 07:00:00   ;     0
02.07.2010 07:00:00   ;     0
03.07.2010 07:00:00   ;     0
04.07.2010 07:00:00   ;     0
05.07.2010 07:00:00   ;     0
06.07.2010 07:00:00   ;     0
07.07.2010 07:00:00   ;     0
08.07.2010 07:00:00   ;     0
09.07.2010 07:00:00   ;     0
10.07.2010 07:00:00   ;     0
11.07.2010 07:00:00   ;     0
12.07.2010 07:00:00   ;     0
13.07.2010 07:00:00   ;     0
14.07.2010 07:00:00   ;     0
15.07.2010 07:00:00   ;     0
16.07.2010 07:00:00   ;     0
17.07.2010 07:00:00   ;     0
18.07.2010 07:00:00   ;     0
19.07.2010 07:00:00   ;     0
20.07.2010 07:00:00   ;     0
21.07.2010 07:00:00   ;     0
22.07.2010 07:00:00   ;     0
23.07.2010 07:00:00   ;     0
24.07.2010 07:00:00   ;     0
25.07.2010 07:00:00   ;     0
26.07.2010 07:00:00   ;     0
27.07.2010 07:00:00   ;     0
28.07.2010 07:00:00   ;     0
29.07.2010 07:00:00   ;     0
30.07.2010 07:00:00   ;     0
31.07.2010 07:00:00   ;     0
01.08.2010 07:00:00   ;     0
02.08.2010 07:00:00   ;     0
03.08.2010 07:00:00   ;     0
04.08.2010 07:00:00   ;     0
05.08.2010 07:00:00   ;     0
06.08.2010 07:00:00   ;     0
07.08.2010 07:00:00   ;     0
08.08.2010 07:00:00   ;     0
09.08.2010 07:00:00   ;     0
10.08.2010 07:00:00   ;     0
11.08.2010 07:00:00   ;     0
12.08.2010 07:00:00   ;     0
13.08.2010 07:00:00   ;     0
14.08.2010 07:00:00   ;     0
15.08.2010 07:00:00   ;     0
16.08.2010 07:00:00   ;     0
17.08.2010 07:00:00   ;     0
18.08.2010 07:00:00   ;     0
19.08.2010 07:00:00   ;     0
20.08.2010 07:00:00   ;     0
21.08.2010 07:00:00   ;     0
22.08.2010 07:00:00   ;     0
23.08.2010 07:00:00   ;     0
24.08.2010 07:00:00   ;     0
25.08.2010 07:00:00   ;     0
26.08.2010 07:00:00   ;     0
27.08.2010 07:00:00   ;     0
28.08.2010 07:00:00   ;     0
29.08.2010 07:00:00   ;     0
30.08.2010 07:00:00   ;     0
31.08.2010 07:00:00   ;     0
01.09.2010 07:00:00   ;     0
02.09.2010 07:00:00   ;     0
03.09.2010 07:00:00   ;     0
04.09.2010 07:00:00   ;     0
05.09.2010 07:00:00   ;     0
06.09.2010 07:00:00   ;     0
07.09.2010 07:00:00   ;     0
08.09.2010 07:00:00   ;     0
09.09.2010 07:00:00   ;     0
10.09.2010 07:00:00   ;     0
11.09.2010 07:00:00   ;     0
12.09.2010 07:00:00   ;     0
13.09.2010 07:00:00   ;     0
14.09.2010 07:00:00   ;     0
15.09.2010 07:00:00   ;     0
16.09.2010 07:00:00   ;     0
17.09.2010 07:00:00   ;     0
18.09.2010 07:00:00   ;     0
19.09.2010 07:00:00   ;     0
20.09.2010 07:00:00   ;     0
21.09.2010 07:00:00   ;     0
22.09.2010 07:00:00   ;     0
23.09.2010 07:00:00   ;     0
24.09.2010 07:00:00   ;     0
25.09.2010 07:00:00   ;     5
26.09.2010 07:00:00   ;     3
27.09.2010 07:00:00   ;     0
28.09.2010 07:00:00   ;     0
29.09.2010 07:00:00   ;     0
30.09.2010 07:00:00   ;     0
01.10.2010 07:00:00   ;     0
02.10.2010 07:00:00   ;     0
03.10.2010 07:00:00   ;     0
04.10.2010 07:00:00   ;     0
05.10.2010 07:00:00   ;     0
06.10.2010 07:00:00   ;     0
07.10.2010 07:00:00   ;     0
08.10.2010 07:00:00   ;     0
09.10.2010 07:00:00   ;     0
10.10.2010 07:00:00   ;     0
11.10.2010 07:00:00   ;     0
12.10.2010 07:00:00   ;     0
13.10.2010 07:00:00   ;     0
14.10.2010 07:00:00   ;     0
15.10.2010 07:00:00   ;     0
16.10.2010 07:00:00   ;     0
17.10.2010 07:00:00   ;     5
18.10.2010 07:00:00   ;     4
19.10.2010 07:00:00   ;     1
20.10.2010 07:00:00   ;     0
21.10.2010 07:00:00   ;     0
22.10.2010 07:00:00   ;     0
23.10.2010 07:00:00   ;     0
24.10.2010 07:00:00   ;     0
25.10.2010 07:00:00   ;    10
26.10.2010 07:00:00   ;    45
27.10.2010 07:00:00   ;    30
28.10.2010 07:00:00   ;    20
29.10.2010 07:00:00   ;    10
30.10.2010 07:00:00   ;     6
31.10.2010 07:00:00   ;     2
01.11.2010 07:00:00   ;     1
02.11.2010 07:00:00   ;     0
03.11.2010 07:00:00   ;     0
04.11.2010 07:00:00   ;     0
05.11.2010 07:00:00   ;     0
06.11.2010 07:00:00   ;     0
07.11.2010 07:00:00   ;     0
08.11.2010 07:00:00   ;     0
09.11.2010 07:00:00   ;     1
10.11.2010 07:00:00   ;     2
11.11.2010 07:00:00   ;     0
12.11.2010 07:00:00   ;     0
13.11.2010 07:00:00   ;     0
14.11.2010 07:00:00   ;     0
15.11.2010 07:00:00   ;     0
16.11.2010 07:00:00   ;     0
17.11.2010 07:00:00   ;     0
18.11.2010 07:00:00   ;     0
19.11.2010 07:00:00   ;    10
20.11.2010 07:00:00   ;    13
21.11.2010 07:00:00   ;     5
22.11.2010 07:00:00   ;    33
23.11.2010 07:00:00   ;    24
24.11.2010 07:00:00   ;    20
25.11.2010 07:00:00   ;    16
26.11.2010 07:00:00   ;    16
27.11.2010 07:00:00   ;    22
28.11.2010 07:00:00   ;    23
29.11.2010 07:00:00   ;    33
30.11.2010 07:00:00   ;    34
01.12.2010 07:00:00   ;    40
02.12.2010 07:00:00   ;    60
03.12.2010 07:00:00   ;    56
04.12.2010 07:00:00   ;    57
05.12.2010 07:00:00   ;    54
06.12.2010 07:00:00   ;    54
07.12.2010 07:00:00   ;    55
08.12.2010 07:00:00   ;    35
09.12.2010 07:00:00   ;    27
10.12.2010 07:00:00   ;    26
11.12.2010 07:00:00   ;    26
12.12.2010 07:00:00   ;    27
13.12.2010 07:00:00   ;    26
14.12.2010 07:00:00   ;    26
15.12.2010 07:00:00   ;    26
16.12.2010 07:00:00   ;    26
17.12.2010 07:00:00   ;    26
18.12.2010 07:00:00   ;    27
19.12.2010 07:00:00   ;    27
20.12.2010 07:00:00   ;    26
21.12.2010 07:00:00   ;    25
22.12.2010 07:00:00   ;    24
23.12.2010 07:00:00   ;    23
24.12.2010 07:00:00   ;    43
25.12.2010 07:00:00   ;    45
26.12.2010 07:00:00   ;    51
27.12.2010 07:00:00   ;    52
28.12.2010 07:00:00   ;    51
29.12.2010 07:00:00   ;    50
30.12.2010 07:00:00   ;    45
31.12.2010 07:00:00   ;    44
01.01.2011 07:00:00   ;    44
02.01.2011 07:00:00   ;    40
03.01.2011 07:00:00   ;    40
04.01.2011 07:00:00   ;    40
05.01.2011 07:00:00   ;    40
06.01.2011 07:00:00   ;    40
07.01.2011 07:00:00   ;    40
08.01.2011 07:00:00   ;    40
09.01.2011 07:00:00   ;    39
10.01.2011 07:00:00   ;    39
11.01.2011 07:00:00   ;    44
12.01.2011 07:00:00   ;    44
13.01.2011 07:00:00   ;    44
14.01.2011 07:00:00   ;    40
15.01.2011 07:00:00   ;    38
16.01.2011 07:00:00   ;    38
17.01.2011 07:00:00   ;    34
18.01.2011 07:00:00   ;    32
19.01.2011 07:00:00   ;    30
20.01.2011 07:00:00   ;    35
21.01.2011 07:00:00   ;    35
22.01.2011 07:00:00   ;    35
23.01.2011 07:00:00   ;    30
24.01.2011 07:00:00   ;    30
25.01.2011 07:00:00   ;    30
26.01.2011 07:00:00   ;    31
27.01.2011 07:00:00   ;    30
28.01.2011 07:00:00   ;    30
29.01.2011 07:00:00   ;    31
30.01.2011 07:00:00   ;    31
31.01.2011 07:00:00   ;    30
01.02.2011 07:00:00   ;    29
02.02.2011 07:00:00   ;    28
03.02.2011 07:00:00   ;    28
04.02.2011 07:00:00   ;    28
05.02.2011 07:00:00   ;    27
06.02.2011 07:00:00   ;    26
07.02.2011 07:00:00   ;    26
08.02.2011 07:00:00   ;    24
09.02.2011 07:00:00   ;    22
10.02.2011 07:00:00   ;    20
11.02.2011 07:00:00   ;    18
12.02.2011 07:00:00   ;    12
13.02.2011 07:00:00   ;    12
14.02.2011 07:00:00   ;    10
15.02.2011 07:00:00   ;     9
16.02.2011 07:00:00   ;     9
17.02.2011 07:00:00   ;    24
18.02.2011 07:00:00   ;    24
19.02.2011 07:00:00   ;    15
20.02.2011 07:00:00   ;    10
21.02.2011 07:00:00   ;    13
22.02.2011 07:00:00   ;    10
23.02.2011 07:00:00   ;    10
24.02.2011 07:00:00   ;    10
25.02.2011 07:00:00   ;     9
26.02.2011 07:00:00   ;     8
27.02.2011 07:00:00   ;     7
28.02.2011 07:00:00   ;    11
01.03.2011 07:00:00   ;    16
02.03.2011 07:00:00   ;    10
03.03.2011 07:00:00   ;    15
04.03.2011 07:00:00   ;    16
05.03.2011 07:00:00   ;    10
06.03.2011 07:00:00   ;     8
07.03.2011 07:00:00   ;     6
08.03.2011 07:00:00   ;     5
09.03.2011 07:00:00   ;     4
10.03.2011 07:00:00   ;     2
11.03.2011 07:00:00   ;     0
12.03.2011 07:00:00   ;     0
13.03.2011 07:00:00   ;     0
14.03.2011 07:00:00   ;     1
15.03.2011 07:00:00   ;     0
16.03.2011 07:00:00   ;     0
17.03.2011 07:00:00   ;    24
18.03.2011 07:00:00   ;    10
19.03.2011 07:00:00   ;     8
20.03.2011 07:00:00   ;     4
21.03.2011 07:00:00   ;     0
22.03.2011 07:00:00   ;     0
23.03.2011 07:00:00   ;     0
24.03.2011 07:00:00   ;     0
25.03.2011 07:00:00   ;     0
26.03.2011 07:00:00   ;     0
27.03.2011 07:00:00   ;     0
28.03.2011 07:00:00   ;     0
29.03.2011 07:00:00   ;     0
30.03.2011 07:00:00   ;     0
31.03.2011 07:00:00   ;     0
01.04.2011 07:00:00   ;     0
02.04.2011 07:00:00   ;     0
03.04.2011 07:00:00   ;     0
04.04.2011 07:00:00   ;     0
05.04.2011 07:00:00   ;     0
06.04.2011 07:00:00   ;     0
07.04.2011 07:00:00   ;     0
08.04.2011 07:00:00   ;     0
09.04.2011 07:00:00   ;     0
10.04.2011 07:00:00   ;     0
11.04.2011 07:00:00   ;     0
12.04.2011 07:00:00   ;     0
13.04.2011 07:00:00   ;     1
14.04.2011 07:00:00   ;     0
15.04.2011 07:00:00   ;     0
16.04.2011 07:00:00   ;     0
17.04.2011 07:00:00   ;     0
18.04.2011 07:00:00   ;     0
19.04.2011 07:00:00   ;     0
20.04.2011 07:00:00   ;     0
21.04.2011 07:00:00   ;     0
22.04.2011 07:00:00   ;     0
23.04.2011 07:00:00   ;     0
24.04.2011 07:00:00   ;     0
25.04.2011 07:00:00   ;     0
26.04.2011 07:00:00   ;     0
27.04.2011 07:00:00   ;     0
28.04.2011 07:00:00   ;     0
29.04.2011 07:00:00   ;     0
30.04.2011 07:00:00   ;     0
01.05.2011 07:00:00   ;     0
02.05.2011 07:00:00   ;     0
03.05.2011 07:00:00   ;     0
04.05.2011 07:00:00   ;     0
05.05.2011 07:00:00   ;     0
06.05.2011 07:00:00   ;     0
07.05.2011 07:00:00   ;     0
08.05.2011 07:00:00   ;     0
09.05.2011 07:00:00   ;     0
10.05.2011 07:00:00   ;     0
11.05.2011 07:00:00   ;     0
12.05.2011 07:00:00   ;     0
13.05.2011 07:00:00   ;     0
14.05.2011 07:00:00   ;     0
15.05.2011 07:00:00   ;     2
16.05.2011 07:00:00   ;    10
17.05.2011 07:00:00   ;     0
18.05.2011 07:00:00   ;     0
19.05.2011 07:00:00   ;     0
20.05.2011 07:00:00   ;     0
21.05.2011 07:00:00   ;     0
22.05.2011 07:00:00   ;     0
23.05.2011 07:00:00   ;     0
24.05.2011 07:00:00   ;     0
25.05.2011 07:00:00   ;     0
26.05.2011 07:00:00   ;     0
27.05.2011 07:00:00   ;     0
28.05.2011 07:00:00   ;     5
29.05.2011 07:00:00   ;     0
30.05.2011 07:00:00   ;     0
31.05.2011 07:00:00   ;     0
01.06.2011 07:00:00   ;     0
02.06.2011 07:00:00   ;     0
03.06.2011 07:00:00   ;     0
04.06.2011 07:00:00   ;     0
05.06.2011 07:00:00   ;     0
06.06.2011 07:00:00   ;     0
07.06.2011 07:00:00   ;     0
08.06.2011 07:00:00   ;     0
09.06.2011 07:00:00   ;     0
10.06.2011 07:00:00   ;     0
11.06.2011 07:00:00   ;     0
12.06.2011 07:00:00   ;     0
13.06.2011 07:00:00   ;     0
14.06.2011 07:00:00   ;     0
15.06.2011 07:00:00   ;     0
16.06.2011 07:00:00   ;     0
17.06.2011 07:00:00   ;     0
18.06.2011 07:00:00   ;     0
19.06.2011 07:00:00   ;     0
20.06.2011 07:00:00   ;     0
21.06.2011 07:00:00   ;     0
22.06.2011 07:00:00   ;     0
23.06.2011 07:00:00   ;     0
24.06.2011 07:00:00   ;     0
25.06.2011 07:00:00   ;     0
26.06.2011 07:00:00   ;     0
27.06.2011 07:00:00   ;     0
28.06.2011 07:00:00   ;     0
29.06.2011 07:00:00   ;     0
30.06.2011 07:00:00   ;     0
01.07.2011 07:00:00   ;     0
02.07.2011 07:00:00   ;     0
03.07.2011 07:00:00   ;     0
04.07.2011 07:00:00   ;     0
05.07.2011 07:00:00   ;     0
06.07.2011 07:00:00   ;     0
07.07.2011 07:00:00   ;     0
08.07.2011 07:00:00   ;     0
09.07.2011 07:00:00   ;     0
10.07.2011 07:00:00   ;     0
11.07.2011 07:00:00   ;     0
12.07.2011 07:00:00   ;     0
13.07.2011 07:00:00   ;     0
14.07.2011 07:00:00   ;     0
15.07.2011 07:00:00   ;     0
16.07.2011 07:00:00   ;     0
17.07.2011 07:00:00   ;     0
18.07.2011 07:00:00   ;     0
19.07.2011 07:00:00   ;     0
20.07.2011 07:00:00   ;     0
21.07.2011 07:00:00   ;     0
22.07.2011 07:00:00   ;     0
23.07.2011 07:00:00   ;     0
24.07.2011 07:00:00   ;     0
25.07.2011 07:00:00   ;     0
26.07.2011 07:00:00   ;     0
27.07.2011 07:00:00   ;     0
28.07.2011 07:00:00   ;     0
29.07.2011 07:00:00   ;     0
30.07.2011 07:00:00   ;     0
31.07.2011 07:00:00   ;     0
01.08.2011 07:00:00   ;     0
02.08.2011 07:00:00   ;     0
03.08.2011 07:00:00   ;     0
04.08.2011 07:00:00   ;     0
05.08.2011 07:00:00   ;     0
06.08.2011 07:00:00   ;     0
07.08.2011 07:00:00   ;     0
08.08.2011 07:00:00   ;     0
09.08.2011 07:00:00   ;     0
10.08.2011 07:00:00   ;     0
11.08.2011 07:00:00   ;     0
12.08.2011 07:00:00   ;     0
13.08.2011 07:00:00   ;     0
14.08.2011 07:00:00   ;     0
15.08.2011 07:00:00   ;     0
16.08.2011 07:00:00   ;     0
17.08.2011 07:00:00   ;     0
18.08.2011 07:00:00   ;     0
19.08.2011 07:00:00   ;     0
20.08.2011 07:00:00   ;     0
21.08.2011 07:00:00   ;     0
22.08.2011 07:00:00   ;     0
23.08.2011 07:00:00   ;     0
24.08.2011 07:00:00   ;     0
25.08.2011 07:00:00   ;     0
26.08.2011 07:00:00   ;     0
27.08.2011 07:00:00   ;     0
28.08.2011 07:00:00   ;     0
29.08.2011 07:00:00   ;     0
30.08.2011 07:00:00   ;     0
31.08.2011 07:00:00   ;     0
01.09.2011 07:00:00   ;     0
02.09.2011 07:00:00   ;     0
03.09.2011 07:00:00   ;     0
04.09.2011 07:00:00   ;     0
05.09.2011 07:00:00   ;     0
06.09.2011 07:00:00   ;     0
07.09.2011 07:00:00   ;     0
08.09.2011 07:00:00   ;     0
09.09.2011 07:00:00   ;     0
10.09.2011 07:00:00   ;     0
11.09.2011 07:00:00   ;     0
12.09.2011 07:00:00   ;     0
13.09.2011 07:00:00   ;     0
14.09.2011 07:00:00   ;     0
15.09.2011 07:00:00   ;     0
16.09.2011 07:00:00   ;     0
17.09.2011 07:00:00   ;     0
18.09.2011 07:00:00   ;     0
19.09.2011 07:00:00   ;     0
20.09.2011 07:00:00   ;    19
21.09.2011 07:00:00   ;     5
22.09.2011 07:00:00   ;     0
23.09.2011 07:00:00   ;     0
24.09.2011 07:00:00   ;     0
25.09.2011 07:00:00   ;     0
26.09.2011 07:00:00   ;     0
27.09.2011 07:00:00   ;     0
28.09.2011 07:00:00   ;     0
29.09.2011 07:00:00   ;     0
30.09.2011 07:00:00   ;     0
01.10.2011 07:00:00   ;     0
02.10.2011 07:00:00   ;     0
03.10.2011 07:00:00   ;     0
04.10.2011 07:00:00   ;     0
05.10.2011 07:00:00   ;     0
06.10.2011 07:00:00   ;     0
07.10.2011 07:00:00   ;     0
08.10.2011 07:00:00   ;     5
09.10.2011 07:00:00   ;     5
10.10.2011 07:00:00   ;     2
11.10.2011 07:00:00   ;     0
12.10.2011 07:00:00   ;     0
13.10.2011 07:00:00   ;     0
14.10.2011 07:00:00   ;     0
15.10.2011 07:00:00   ;     0
16.10.2011 07:00:00   ;     0
17.10.2011 07:00:00   ;     0
18.10.2011 07:00:00   ;     0
19.10.2011 07:00:00   ;     0
20.10.2011 07:00:00   ;     8
21.10.2011 07:00:00   ;     5
22.10.2011 07:00:00   ;     0
23.10.2011 07:00:00   ;     0
24.10.2011 07:00:00   ;     0
25.10.2011 07:00:00   ;     0
26.10.2011 07:00:00   ;     0
27.10.2011 07:00:00   ;     0
28.10.2011 07:00:00   ;     0
29.10.2011 07:00:00   ;     0
30.10.2011 07:00:00   ;     0
31.10.2011 07:00:00   ;     0
01.11.2011 07:00:00   ;     0
02.11.2011 07:00:00   ;     0
03.11.2011 07:00:00   ;     0
04.11.2011 07:00:00   ;     0
05.11.2011 07:00:00   ;     0
06.11.2011 07:00:00   ;     0
07.11.2011 07:00:00   ;     0
08.11.2011 07:00:00   ;     0
09.11.2011 07:00:00   ;     0
10.11.2011 07:00:00   ;     0
11.11.2011 07:00:00   ;     0
12.11.2011 07:00:00   ;     0
13.11.2011 07:00:00   ;     0
14.11.2011 07:00:00   ;     0
15.11.2011 07:00:00   ;     0
16.11.2011 07:00:00   ;     0
17.11.2011 07:00:00   ;     0
18.11.2011 07:00:00   ;     0
19.11.2011 07:00:00   ;     0
20.11.2011 07:00:00   ;     0
21.11.2011 07:00:00   ;     0
22.11.2011 07:00:00   ;     0
23.11.2011 07:00:00   ;     0
24.11.2011 07:00:00   ;     0
25.11.2011 07:00:00   ;     0
26.11.2011 07:00:00   ;     0
27.11.2011 07:00:00   ;     0
28.11.2011 07:00:00   ;     0
29.11.2011 07:00:00   ;     0
30.11.2011 07:00:00   ;     0
01.12.2011 07:00:00   ;     0
02.12.2011 07:00:00   ;     0
03.12.2011 07:00:00   ;     0
04.12.2011 07:00:00   ;     0
05.12.2011 07:00:00   ;     1
06.12.2011 07:00:00   ;     1
07.12.2011 07:00:00   ;     2
08.12.2011 07:00:00   ;    27
09.12.2011 07:00:00   ;    15
10.12.2011 07:00:00   ;    14
11.12.2011 07:00:00   ;    12
12.12.2011 07:00:00   ;    10
13.12.2011 07:00:00   ;    16
14.12.2011 07:00:00   ;    14
15.12.2011 07:00:00   ;    14
16.12.2011 07:00:00   ;    14
17.12.2011 07:00:00   ;    28
18.12.2011 07:00:00   ;    25
19.12.2011 07:00:00   ;    22
20.12.2011 07:00:00   ;    22
21.12.2011 07:00:00   ;    22
22.12.2011 07:00:00   ;    22
23.12.2011 07:00:00   ;    24
24.12.2011 07:00:00   ;    22
25.12.2011 07:00:00   ;    21
26.12.2011 07:00:00   ;    21
27.12.2011 07:00:00   ;    19
28.12.2011 07:00:00   ;    15
29.12.2011 07:00:00   ;    14
30.12.2011 07:00:00   ;    14
31.12.2011 07:00:00   ;    15
01.01.2012 07:00:00   ;    20
02.01.2012 07:00:00   ;    18
03.01.2012 07:00:00   ;    26
04.01.2012 07:00:00   ;    20
05.01.2012 07:00:00   ;    19
06.01.2012 07:00:00   ;    40
07.01.2012 07:00:00   ;    35
08.01.2012 07:00:00   ;    45
09.01.2012 07:00:00   ;    43
10.01.2012 07:00:00   ;    40
11.01.2012 07:00:00   ;    37
12.01.2012 07:00:00   ;    33
13.01.2012 07:00:00   ;    32
14.01.2012 07:00:00   ;    31
15.01.2012 07:00:00   ;    31
16.01.2012 07:00:00   ;    31
17.01.2012 07:00:00   ;    31
18.01.2012 07:00:00   ;    30
19.01.2012 07:00:00   ;    30
20.01.2012 07:00:00   ;    25
21.01.2012 07:00:00   ;    35
22.01.2012 07:00:00   ;    40
23.01.2012 07:00:00   ;    35
24.01.2012 07:00:00   ;    34
25.01.2012 07:00:00   ;    34
26.01.2012 07:00:00   ;    34
27.01.2012 07:00:00   ;    32
28.01.2012 07:00:00   ;    32
29.01.2012 07:00:00   ;    32
30.01.2012 07:00:00   ;    33
31.01.2012 07:00:00   ;    33
01.02.2012 07:00:00   ;    34
02.02.2012 07:00:00   ;    36
03.02.2012 07:00:00   ;    38
04.02.2012 07:00:00   ;    38
05.02.2012 07:00:00   ;    39
06.02.2012 07:00:00   ;    39
07.02.2012 07:00:00   ;    44
08.02.2012 07:00:00   ;    49
09.02.2012 07:00:00   ;    47
10.02.2012 07:00:00   ;    45
11.02.2012 07:00:00   ;    44
12.02.2012 07:00:00   ;    45
13.02.2012 07:00:00   ;    47
14.02.2012 07:00:00   ;    48
15.02.2012 07:00:00   ;    48
16.02.2012 07:00:00   ;    42
17.02.2012 07:00:00   ;    38
18.02.2012 07:00:00   ;    36
19.02.2012 07:00:00   ;    34
20.02.2012 07:00:00   ;    50
21.02.2012 07:00:00   ;    48
22.02.2012 07:00:00   ;    45
23.02.2012 07:00:00   ;    40
24.02.2012 07:00:00   ;    38
25.02.2012 07:00:00   ;    30
26.02.2012 07:00:00   ;    22
27.02.2012 07:00:00   ;    22
28.02.2012 07:00:00   ;    20
29.02.2012 07:00:00   ;    17
01.03.2012 07:00:00   ;    15
02.03.2012 07:00:00   ;    10
03.03.2012 07:00:00   ;     5
04.03.2012 07:00:00   ;     0
05.03.2012 07:00:00   ;    16
06.03.2012 07:00:00   ;    17
07.03.2012 07:00:00   ;    14
08.03.2012 07:00:00   ;     5
09.03.2012 07:00:00   ;     3
10.03.2012 07:00:00   ;     0
11.03.2012 07:00:00   ;     0
12.03.2012 07:00:00   ;     0
13.03.2012 07:00:00   ;     0
14.03.2012 07:00:00   ;     0
15.03.2012 07:00:00   ;     0
16.03.2012 07:00:00   ;     0
17.03.2012 07:00:00   ;     0
18.03.2012 07:00:00   ;     0
19.03.2012 07:00:00   ;     0
20.03.2012 07:00:00   ;     1
21.03.2012 07:00:00   ;     0
22.03.2012 07:00:00   ;     0
23.03.2012 07:00:00   ;     0
24.03.2012 07:00:00   ;     0
25.03.2012 07:00:00   ;     0
26.03.2012 07:00:00   ;     0
27.03.2012 07:00:00   ;     0
28.03.2012 07:00:00   ;     0
29.03.2012 07:00:00   ;     0
30.03.2012 07:00:00   ;     0
31.03.2012 07:00:00   ;     0
01.04.2012 07:00:00   ;     0
02.04.2012 07:00:00   ;     0
03.04.2012 07:00:00   ;     0
04.04.2012 07:00:00   ;     0
05.04.2012 07:00:00   ;     0
06.04.2012 07:00:00   ;     0
07.04.2012 07:00:00   ;     0
08.04.2012 07:00:00   ;     0
09.04.2012 07:00:00   ;     0
10.04.2012 07:00:00   ;     0
11.04.2012 07:00:00   ;     0
12.04.2012 07:00:00   ;    17
13.04.2012 07:00:00   ;     1
14.04.2012 07:00:00   ;     0
15.04.2012 07:00:00   ;     0
16.04.2012 07:00:00   ;     0
17.04.2012 07:00:00   ;     0
18.04.2012 07:00:00   ;     1
19.04.2012 07:00:00   ;     2
20.04.2012 07:00:00   ;     2
21.04.2012 07:00:00   ;    15
22.04.2012 07:00:00   ;     3
23.04.2012 07:00:00   ;     5
24.04.2012 07:00:00   ;     0
25.04.2012 07:00:00   ;    12
26.04.2012 07:00:00   ;     0
27.04.2012 07:00:00   ;     0
28.04.2012 07:00:00   ;     0
29.04.2012 07:00:00   ;     0
30.04.2012 07:00:00   ;     0
01.05.2012 07:00:00   ;     0
02.05.2012 07:00:00   ;     0
03.05.2012 07:00:00   ;     0
04.05.2012 07:00:00   ;     0
05.05.2012 07:00:00   ;     0
06.05.2012 07:00:00   ;     0
07.05.2012 07:00:00   ;     0
08.05.2012 07:00:00   ;     0
09.05.2012 07:00:00   ;     0
10.05.2012 07:00:00   ;     0
11.05.2012 07:00:00   ;     0
12.05.2012 07:00:00   ;     0
13.05.2012 07:00:00   ;     0
14.05.2012 07:00:00   ;     0
15.05.2012 07:00:00   ;     0
16.05.2012 07:00:00   ;    10
17.05.2012 07:00:00   ;     0
18.05.2012 07:00:00   ;     0
19.05.2012 07:00:00   ;     0
20.05.2012 07:00:00   ;     0
21.05.2012 07:00:00   ;     0
22.05.2012 07:00:00   ;     0
23.05.2012 07:00:00   ;     0
24.05.2012 07:00:00   ;     0
25.05.2012 07:00:00   ;     0
26.05.2012 07:00:00   ;     0
27.05.2012 07:00:00   ;     0
28.05.2012 07:00:00   ;     0
29.05.2012 07:00:00   ;     0
30.05.2012 07:00:00   ;     0
31.05.2012 07:00:00   ;     0
01.06.2012 07:00:00   ;     0
02.06.2012 07:00:00   ;     0
03.06.2012 07:00:00   ;     0
04.06.2012 07:00:00   ;     0
05.06.2012 07:00:00   ;     0
06.06.2012 07:00:00   ;     0
07.06.2012 07:00:00   ;     0
08.06.2012 07:00:00   ;     0
09.06.2012 07:00:00   ;     0
10.06.2012 07:00:00   ;     0
11.06.2012 07:00:00   ;     0
12.06.2012 07:00:00   ;     0
13.06.2012 07:00:00   ;     0
14.06.2012 07:00:00   ;     0
15.06.2012 07:00:00   ;     0
16.06.2012 07:00:00   ;     0
17.06.2012 07:00:00   ;     0
18.06.2012 07:00:00   ;     0
19.06.2012 07:00:00   ;     0
20.06.2012 07:00:00   ;     0
21.06.2012 07:00:00   ;     0
22.06.2012 07:00:00   ;     0
23.06.2012 07:00:00   ;     0
24.06.2012 07:00:00   ;     0
25.06.2012 07:00:00   ;     0
26.06.2012 07:00:00   ;     0
27.06.2012 07:00:00   ;     0
28.06.2012 07:00:00   ;     0
29.06.2012 07:00:00   ;     0
30.06.2012 07:00:00   ;     0
01.07.2012 07:00:00   ;     0
02.07.2012 07:00:00   ;     0
03.07.2012 07:00:00   ;     0
04.07.2012 07:00:00   ;     0
05.07.2012 07:00:00   ;     0
06.07.2012 07:00:00   ;     0
07.07.2012 07:00:00   ;     0
08.07.2012 07:00:00   ;     0
09.07.2012 07:00:00   ;     0
10.07.2012 07:00:00   ;     0
11.07.2012 07:00:00   ;     0
12.07.2012 07:00:00   ;     0
13.07.2012 07:00:00   ;     0
14.07.2012 07:00:00   ;     0
15.07.2012 07:00:00   ;     0
16.07.2012 07:00:00   ;     0
17.07.2012 07:00:00   ;     0
18.07.2012 07:00:00   ;     0
19.07.2012 07:00:00   ;     0
20.07.2012 07:00:00   ;     0
21.07.2012 07:00:00   ;     0
22.07.2012 07:00:00   ;     0
23.07.2012 07:00:00   ;     0
24.07.2012 07:00:00   ;     0
25.07.2012 07:00:00   ;     0
26.07.2012 07:00:00   ;     0
27.07.2012 07:00:00   ;     0
28.07.2012 07:00:00   ;     0
29.07.2012 07:00:00   ;     0
30.07.2012 07:00:00   ;     0
31.07.2012 07:00:00   ;     0
01.08.2012 07:00:00   ;     0
02.08.2012 07:00:00   ;     0
03.08.2012 07:00:00   ;     0
04.08.2012 07:00:00   ;     0
05.08.2012 07:00:00   ;     0
06.08.2012 07:00:00   ;     0
07.08.2012 07:00:00   ;     0
08.08.2012 07:00:00   ;     0
09.08.2012 07:00:00   ;     0
10.08.2012 07:00:00   ;     0
11.08.2012 07:00:00   ;     0
12.08.2012 07:00:00   ;     0
13.08.2012 07:00:00   ;     0
14.08.2012 07:00:00   ;     0
15.08.2012 07:00:00   ;     0
16.08.2012 07:00:00   ;     0
17.08.2012 07:00:00   ;     0
18.08.2012 07:00:00   ;     0
19.08.2012 07:00:00   ;     0
20.08.2012 07:00:00   ;     0
21.08.2012 07:00:00   ;     0
22.08.2012 07:00:00   ;     0
23.08.2012 07:00:00   ;     0
24.08.2012 07:00:00   ;     0
25.08.2012 07:00:00   ;     0
26.08.2012 07:00:00   ;     0
27.08.2012 07:00:00   ;     0
28.08.2012 07:00:00   ;     0
29.08.2012 07:00:00   ;     0
30.08.2012 07:00:00   ;     0
31.08.2012 07:00:00   ;     0
01.09.2012 07:00:00   ;     0
02.09.2012 07:00:00   ;     0
03.09.2012 07:00:00   ;     0
04.09.2012 07:00:00   ;     0
05.09.2012 07:00:00   ;     0
06.09.2012 07:00:00   ;     0
07.09.2012 07:00:00   ;     0
08.09.2012 07:00:00   ;     0
09.09.2012 07:00:00   ;     0
10.09.2012 07:00:00   ;     0
11.09.2012 07:00:00   ;     0
12.09.2012 07:00:00   ;     0
13.09.2012 07:00:00   ;     0
14.09.2012 07:00:00   ;     0
15.09.2012 07:00:00   ;     0
16.09.2012 07:00:00   ;     0
17.09.2012 07:00:00   ;     0
18.09.2012 07:00:00   ;     0
19.09.2012 07:00:00   ;     0
20.09.2012 07:00:00   ;     0
21.09.2012 07:00:00   ;     0
22.09.2012 07:00:00   ;     0
23.09.2012 07:00:00   ;     0
24.09.2012 07:00:00   ;     0
25.09.2012 07:00:00   ;     0
26.09.2012 07:00:00   ;     0
27.09.2012 07:00:00   ;     0
28.09.2012 07:00:00   ;     0
29.09.2012 07:00:00   ;     0
30.09.2012 07:00:00   ;     0
01.10.2012 07:00:00   ;     0
02.10.2012 07:00:00   ;     0
03.10.2012 07:00:00   ;     0
04.10.2012 07:00:00   ;     0
05.10.2012 07:00:00   ;     0
06.10.2012 07:00:00   ;     0
07.10.2012 07:00:00   ;     0
08.10.2012 07:00:00   ;     0
09.10.2012 07:00:00   ;     0
10.10.2012 07:00:00   ;     0
11.10.2012 07:00:00   ;     0
12.10.2012 07:00:00   ;     0
13.10.2012 07:00:00   ;     0
14.10.2012 07:00:00   ;     0
15.10.2012 07:00:00   ;     0
16.10.2012 07:00:00   ;    22
17.10.2012 07:00:00   ;     9
18.10.2012 07:00:00   ;     3
19.10.2012 07:00:00   ;     0
20.10.2012 07:00:00   ;     0
21.10.2012 07:00:00   ;     0
22.10.2012 07:00:00   ;     0
23.10.2012 07:00:00   ;     0
24.10.2012 07:00:00   ;     0
25.10.2012 07:00:00   ;     0
26.10.2012 07:00:00   ;     0
27.10.2012 07:00:00   ;     0
28.10.2012 07:00:00   ;    13
29.10.2012 07:00:00   ;    24
30.10.2012 07:00:00   ;    13
31.10.2012 07:00:00   ;    10
01.11.2012 07:00:00   ;    30
02.11.2012 07:00:00   ;    28
03.11.2012 07:00:00   ;    25
04.11.2012 07:00:00   ;    23
05.11.2012 07:00:00   ;    11
06.11.2012 07:00:00   ;     5
07.11.2012 07:00:00   ;     2
08.11.2012 07:00:00   ;     0
09.11.2012 07:00:00   ;     0
10.11.2012 07:00:00   ;     0
11.11.2012 07:00:00   ;     0
12.11.2012 07:00:00   ;     0
13.11.2012 07:00:00   ;     0
14.11.2012 07:00:00   ;     0
15.11.2012 07:00:00   ;     0
16.11.2012 07:00:00   ;     0
17.11.2012 07:00:00   ;     0
18.11.2012 07:00:00   ;     0
19.11.2012 07:00:00   ;     0
20.11.2012 07:00:00   ;     0
21.11.2012 07:00:00   ;     0
22.11.2012 07:00:00   ;     0
23.11.2012 07:00:00   ;     1
24.11.2012 07:00:00   ;     0
25.11.2012 07:00:00   ;     0
26.11.2012 07:00:00   ;     0
27.11.2012 07:00:00   ;     0
28.11.2012 07:00:00   ;     1
29.11.2012 07:00:00   ;    38
30.11.2012 07:00:00   ;    31
01.12.2012 07:00:00   ;    35
02.12.2012 07:00:00   ;    37
03.12.2012 07:00:00   ;    41
04.12.2012 07:00:00   ;    36
05.12.2012 07:00:00   ;    40
06.12.2012 07:00:00   ;    35
07.12.2012 07:00:00   ;    34
08.12.2012 07:00:00   ;    33
09.12.2012 07:00:00   ;    32
10.12.2012 07:00:00   ;    32
11.12.2012 07:00:00   ;    33
12.12.2012 07:00:00   ;    32
13.12.2012 07:00:00   ;    31
14.12.2012 07:00:00   ;    30
15.12.2012 07:00:00   ;    32
16.12.2012 07:00:00   ;    40
17.12.2012 07:00:00   ;    35
18.12.2012 07:00:00   ;    33
19.12.2012 07:00:00   ;    30
20.12.2012 07:00:00   ;    30
21.12.2012 07:00:00   ;    30
22.12.2012 07:00:00   ;    30
23.12.2012 07:00:00   ;    31
24.12.2012 07:00:00   ;    28
25.12.2012 07:00:00   ;    24
26.12.2012 07:00:00   ;    23
27.12.2012 07:00:00   ;    26
28.12.2012 07:00:00   ;    30
29.12.2012 07:00:00   ;    32
30.12.2012 07:00:00   ;    30
31.12.2012 07:00:00   ;    28
01.01.2013 07:00:00   ;    26
02.01.2013 07:00:00   ;    25
03.01.2013 07:00:00   ;    25
04.01.2013 07:00:00   ;    23
05.01.2013 07:00:00   ;    21
06.01.2013 07:00:00   ;    20
07.01.2013 07:00:00   ;    20
08.01.2013 07:00:00   ;    19
09.01.2013 07:00:00   ;    18
10.01.2013 07:00:00   ;    18
11.01.2013 07:00:00   ;    18
12.01.2013 07:00:00   ;    18
13.01.2013 07:00:00   ;    18
14.01.2013 07:00:00   ;    24
15.01.2013 07:00:00   ;    40
16.01.2013 07:00:00   ;    48
17.01.2013 07:00:00   ;    57
18.01.2013 07:00:00   ;    55
19.01.2013 07:00:00   ;    53
20.01.2013 07:00:00   ;    51
21.01.2013 07:00:00   ;    63
22.01.2013 07:00:00   ;    75
23.01.2013 07:00:00   ;    72
24.01.2013 07:00:00   ;    67
25.01.2013 07:00:00   ;    62
26.01.2013 07:00:00   ;    60
27.01.2013 07:00:00   ;    58
28.01.2013 07:00:00   ;    50
29.01.2013 07:00:00   ;    47
30.01.2013 07:00:00   ;    45
31.01.2013 07:00:00   ;    40
01.02.2013 07:00:00   ;    38
02.02.2013 07:00:00   ;    38
03.02.2013 07:00:00   ;    40
04.02.2013 07:00:00   ;    42
05.02.2013 07:00:00   ;    41
06.02.2013 07:00:00   ;    50
07.02.2013 07:00:00   ;    48
08.02.2013 07:00:00   ;    46
09.02.2013 07:00:00   ;    46
10.02.2013 07:00:00   ;    46
11.02.2013 07:00:00   ;    46
12.02.2013 07:00:00   ;    59
13.02.2013 07:00:00   ;    63
14.02.2013 07:00:00   ;    57
15.02.2013 07:00:00   ;    53
16.02.2013 07:00:00   ;    51
17.02.2013 07:00:00   ;    50
18.02.2013 07:00:00   ;    50
19.02.2013 07:00:00   ;    48
20.02.2013 07:00:00   ;    45
21.02.2013 07:00:00   ;    50
22.02.2013 07:00:00   ;    55
23.02.2013 07:00:00   ;    57
24.02.2013 07:00:00   ;    78
25.02.2013 07:00:00   ;    92
26.02.2013 07:00:00   ;    84
27.02.2013 07:00:00   ;    84
28.02.2013 07:00:00   ;    74
01.03.2013 07:00:00   ;    70
02.03.2013 07:00:00   ;    60
03.03.2013 07:00:00   ;    58
04.03.2013 07:00:00   ;    50
05.03.2013 07:00:00   ;    48
06.03.2013 07:00:00   ;    46
07.03.2013 07:00:00   ;    45
08.03.2013 07:00:00   ;    40
09.03.2013 07:00:00   ;    34
10.03.2013 07:00:00   ;    45
11.03.2013 07:00:00   ;    38
12.03.2013 07:00:00   ;    35
13.03.2013 07:00:00   ;    40
14.03.2013 07:00:00   ;    68
15.03.2013 07:00:00   ;    62
16.03.2013 07:00:00   ;    60
17.03.2013 07:00:00   ;    55
18.03.2013 07:00:00   ;    58
19.03.2013 07:00:00   ;    96
20.03.2013 07:00:00   ;    73
21.03.2013 07:00:00   ;    67
22.03.2013 07:00:00   ;    60
23.03.2013 07:00:00   ;    55
24.03.2013 07:00:00   ;    47
25.03.2013 07:00:00   ;    51
26.03.2013 07:00:00   ;    53
27.03.2013 07:00:00   ;    57
28.03.2013 07:00:00   ;    54
29.03.2013 07:00:00   ;    66
30.03.2013 07:00:00   ;    56
31.03.2013 07:00:00   ;    86
01.04.2013 07:00:00   ;    66
02.04.2013 07:00:00   ;    55
03.04.2013 07:00:00   ;    54
04.04.2013 07:00:00   ;    51
05.04.2013 07:00:00   ;    45
06.04.2013 07:00:00   ;    47
07.04.2013 07:00:00   ;    40
08.04.2013 07:00:00   ;    40
09.04.2013 07:00:00   ;    43
10.04.2013 07:00:00   ;    46
11.04.2013 07:00:00   ;    38
12.04.2013 07:00:00   ;    35
13.04.2013 07:00:00   ;    45
14.04.2013 07:00:00   ;    35
15.04.2013 07:00:00   ;    23
16.04.2013 07:00:00   ;    10
17.04.2013 07:00:00   ;     3
18.04.2013 07:00:00   ;     0
19.04.2013 07:00:00   ;     0
20.04.2013 07:00:00   ;     0
21.04.2013 07:00:00   ;     0
22.04.2013 07:00:00   ;     0
23.04.2013 07:00:00   ;     0
24.04.2013 07:00:00   ;     0
25.04.2013 07:00:00   ;     0
26.04.2013 07:00:00   ;     0
27.04.2013 07:00:00   ;     0
28.04.2013 07:00:00   ;     0
29.04.2013 07:00:00   ;     0
30.04.2013 07:00:00   ;     0
01.05.2013 07:00:00   ;     0
02.05.2013 07:00:00   ;     0
03.05.2013 07:00:00   ;     0
04.05.2013 07:00:00   ;     0
05.05.2013 07:00:00   ;     0
06.05.2013 07:00:00   ;     0
07.05.2013 07:00:00   ;     0
08.05.2013 07:00:00   ;     0
09.05.2013 07:00:00   ;     0
10.05.2013 07:00:00   ;     0
11.05.2013 07:00:00   ;     0
12.05.2013 07:00:00   ;     0
13.05.2013 07:00:00   ;     0
14.05.2013 07:00:00   ;     0
15.05.2013 07:00:00   ;     0
16.05.2013 07:00:00   ;     0
17.05.2013 07:00:00   ;     0
18.05.2013 07:00:00   ;     0
19.05.2013 07:00:00   ;     0
20.05.2013 07:00:00   ;     0
21.05.2013 07:00:00   ;     0
22.05.2013 07:00:00   ;     0
23.05.2013 07:00:00   ;     0
24.05.2013 07:00:00   ;    15
25.05.2013 07:00:00   ;    10
26.05.2013 07:00:00   ;    10
27.05.2013 07:00:00   ;     0
28.05.2013 07:00:00   ;     0
29.05.2013 07:00:00   ;     0
30.05.2013 07:00:00   ;     0
31.05.2013 07:00:00   ;     0
01.06.2013 07:00:00   ;     0
02.06.2013 07:00:00   ;     0
03.06.2013 07:00:00   ;     0
04.06.2013 07:00:00   ;     0
05.06.2013 07:00:00   ;     0
06.06.2013 07:00:00   ;     0
07.06.2013 07:00:00   ;     0
08.06.2013 07:00:00   ;     0
09.06.2013 07:00:00   ;     0
10.06.2013 07:00:00   ;     0
11.06.2013 07:00:00   ;     0
12.06.2013 07:00:00   ;     0
13.06.2013 07:00:00   ;     0
14.06.2013 07:00:00   ;     0
15.06.2013 07:00:00   ;     0
16.06.2013 07:00:00   ;     0
17.06.2013 07:00:00   ;     0
18.06.2013 07:00:00   ;     0
19.06.2013 07:00:00   ;     0
20.06.2013 07:00:00   ;     0
21.06.2013 07:00:00   ;     0
22.06.2013 07:00:00   ;     0
23.06.2013 07:00:00   ;     0
24.06.2013 07:00:00   ;     2
25.06.2013 07:00:00   ;     0
26.06.2013 07:00:00   ;     0
27.06.2013 07:00:00   ;     0
28.06.2013 07:00:00   ;     0
29.06.2013 07:00:00   ;     0
30.06.2013 07:00:00   ;     0
01.07.2013 07:00:00   ;     0
02.07.2013 07:00:00   ;     0
03.07.2013 07:00:00   ;     0
04.07.2013 07:00:00   ;     0
05.07.2013 07:00:00   ;     0
06.07.2013 07:00:00   ;     0
07.07.2013 07:00:00   ;     0
08.07.2013 07:00:00   ;     0
09.07.2013 07:00:00   ;     0
10.07.2013 07:00:00   ;     0
11.07.2013 07:00:00   ;     0
12.07.2013 07:00:00   ;     0
13.07.2013 07:00:00   ;     0
14.07.2013 07:00:00   ;     0
15.07.2013 07:00:00   ;     0
16.07.2013 07:00:00   ;     0
17.07.2013 07:00:00   ;     0
18.07.2013 07:00:00   ;     0
19.07.2013 07:00:00   ;     0
20.07.2013 07:00:00   ;     0
21.07.2013 07:00:00   ;     0
22.07.2013 07:00:00   ;     0
23.07.2013 07:00:00   ;     0
24.07.2013 07:00:00   ;     0
25.07.2013 07:00:00   ;     0
26.07.2013 07:00:00   ;     0
27.07.2013 07:00:00   ;     0
28.07.2013 07:00:00   ;     0
29.07.2013 07:00:00   ;     0
30.07.2013 07:00:00   ;     0
31.07.2013 07:00:00   ;     0
01.08.2013 07:00:00   ;     0
02.08.2013 07:00:00   ;     0
03.08.2013 07:00:00   ;     0
04.08.2013 07:00:00   ;     0
05.08.2013 07:00:00   ;     0
06.08.2013 07:00:00   ;     0
07.08.2013 07:00:00   ;     0
08.08.2013 07:00:00   ;     0
09.08.2013 07:00:00   ;     0
10.08.2013 07:00:00   ;     0
11.08.2013 07:00:00   ;     0
12.08.2013 07:00:00   ;     0
13.08.2013 07:00:00   ;     0
14.08.2013 07:00:00   ;     0
15.08.2013 07:00:00   ;     0
16.08.2013 07:00:00   ;     0
17.08.2013 07:00:00   ;     0
18.08.2013 07:00:00   ;     0
19.08.2013 07:00:00   ;     0
20.08.2013 07:00:00   ;     0
21.08.2013 07:00:00   ;     0
22.08.2013 07:00:00   ;     0
23.08.2013 07:00:00   ;     0
24.08.2013 07:00:00   ;     0
25.08.2013 07:00:00   ;     0
26.08.2013 07:00:00   ;     0
27.08.2013 07:00:00   ;     0
28.08.2013 07:00:00   ;     0
29.08.2013 07:00:00   ;     0
30.08.2013 07:00:00   ;     0
31.08.2013 07:00:00   ;     0
01.09.2013 07:00:00   ;     0
02.09.2013 07:00:00   ;     0
03.09.2013 07:00:00   ;     0
04.09.2013 07:00:00   ;     0
05.09.2013 07:00:00   ;     0
06.09.2013 07:00:00   ;     0
07.09.2013 07:00:00   ;     0
08.09.2013 07:00:00   ;     0
09.09.2013 07:00:00   ;     0
10.09.2013 07:00:00   ;     0
11.09.2013 07:00:00   ;     0
12.09.2013 07:00:00   ;     0
13.09.2013 07:00:00   ;     0
14.09.2013 07:00:00   ;     0
15.09.2013 07:00:00   ;     0
16.09.2013 07:00:00   ;     0
17.09.2013 07:00:00   ;     1
18.09.2013 07:00:00   ;     1
19.09.2013 07:00:00   ;     0
20.09.2013 07:00:00   ;     0
21.09.2013 07:00:00   ;     0
22.09.2013 07:00:00   ;     0
23.09.2013 07:00:00   ;     0
24.09.2013 07:00:00   ;     0
25.09.2013 07:00:00   ;     0
26.09.2013 07:00:00   ;     0
27.09.2013 07:00:00   ;     0
28.09.2013 07:00:00   ;     0
29.09.2013 07:00:00   ;     0
30.09.2013 07:00:00   ;     0
01.10.2013 07:00:00   ;     0
02.10.2013 07:00:00   ;     0
03.10.2013 07:00:00   ;     0
04.10.2013 07:00:00   ;     0
05.10.2013 07:00:00   ;     0
06.10.2013 07:00:00   ;     0
07.10.2013 07:00:00   ;     0
08.10.2013 07:00:00   ;     0
09.10.2013 07:00:00   ;     0
10.10.2013 07:00:00   ;     0
11.10.2013 07:00:00   ;     0
12.10.2013 07:00:00   ;    14
13.10.2013 07:00:00   ;    17
14.10.2013 07:00:00   ;     3
15.10.2013 07:00:00   ;     0
16.10.2013 07:00:00   ;     0
17.10.2013 07:00:00   ;     0
18.10.2013 07:00:00   ;     0
19.10.2013 07:00:00   ;     0
20.10.2013 07:00:00   ;     0
21.10.2013 07:00:00   ;     0
22.10.2013 07:00:00   ;     0
23.10.2013 07:00:00   ;     0
24.10.2013 07:00:00   ;     0
25.10.2013 07:00:00   ;     0
26.10.2013 07:00:00   ;     0
27.10.2013 07:00:00   ;     0
28.10.2013 07:00:00   ;     0
29.10.2013 07:00:00   ;     0
30.10.2013 07:00:00   ;     0
31.10.2013 07:00:00   ;     0
01.11.2013 07:00:00   ;     0
02.11.2013 07:00:00   ;     0
03.11.2013 07:00:00   ;     0
04.11.2013 07:00:00   ;     0
05.11.2013 07:00:00   ;     0
06.11.2013 07:00:00   ;     3
07.11.2013 07:00:00   ;     2
08.11.2013 07:00:00   ;     0
09.11.2013 07:00:00   ;     0
10.11.2013 07:00:00   ;    15
11.11.2013 07:00:00   ;    10
12.11.2013 07:00:00   ;     8
13.11.2013 07:00:00   ;     2
14.11.2013 07:00:00   ;     0
15.11.2013 07:00:00   ;    25
16.11.2013 07:00:00   ;    32
17.11.2013 07:00:00   ;    15
18.11.2013 07:00:00   ;    13
19.11.2013 07:00:00   ;    10
20.11.2013 07:00:00   ;    15
21.11.2013 07:00:00   ;    11
22.11.2013 07:00:00   ;    35
23.11.2013 07:00:00   ;    37
24.11.2013 07:00:00   ;    40
25.11.2013 07:00:00   ;    32
26.11.2013 07:00:00   ;    30
27.11.2013 07:00:00   ;    25
28.11.2013 07:00:00   ;    24
29.11.2013 07:00:00   ;    23
30.11.2013 07:00:00   ;    21
01.12.2013 07:00:00   ;    20
02.12.2013 07:00:00   ;    20
03.12.2013 07:00:00   ;    19
04.12.2013 07:00:00   ;    18
05.12.2013 07:00:00   ;    17
06.12.2013 07:00:00   ;    16
07.12.2013 07:00:00   ;    16
08.12.2013 07:00:00   ;    16
09.12.2013 07:00:00   ;    16
10.12.2013 07:00:00   ;    15
11.12.2013 07:00:00   ;    15
12.12.2013 07:00:00   ;    14
13.12.2013 07:00:00   ;    14
14.12.2013 07:00:00   ;    12
15.12.2013 07:00:00   ;    12
16.12.2013 07:00:00   ;    12
17.12.2013 07:00:00   ;    11
18.12.2013 07:00:00   ;    10
19.12.2013 07:00:00   ;     9
20.12.2013 07:00:00   ;     8
21.12.2013 07:00:00   ;     7
22.12.2013 07:00:00   ;     7
23.12.2013 07:00:00   ;     6
24.12.2013 07:00:00   ;     6
25.12.2013 07:00:00   ;     5
26.12.2013 07:00:00   ;    43
27.12.2013 07:00:00   ;    95
28.12.2013 07:00:00   ;    66
29.12.2013 07:00:00   ;    60
30.12.2013 07:00:00   ;    63
31.12.2013 07:00:00   ;    60
01.01.2014 07:00:00   ;    56
02.01.2014 07:00:00   ;    56
03.01.2014 07:00:00   ;    56
04.01.2014 07:00:00   ;    53
05.01.2014 07:00:00   ;    75
06.01.2014 07:00:00   ;    94
07.01.2014 07:00:00   ;    76
08.01.2014 07:00:00   ;    70
09.01.2014 07:00:00   ;    63
10.01.2014 07:00:00   ;    60
11.01.2014 07:00:00   ;    58
12.01.2014 07:00:00   ;    58
13.01.2014 07:00:00   ;    56
14.01.2014 07:00:00   ;    57
15.01.2014 07:00:00   ;    66
16.01.2014 07:00:00   ;    65
17.01.2014 07:00:00   ;    65
18.01.2014 07:00:00   ;    76
19.01.2014 07:00:00   ;    79
20.01.2014 07:00:00   ;    75
21.01.2014 07:00:00   ;    65
22.01.2014 07:00:00   ;    65
23.01.2014 07:00:00   ;    64
24.01.2014 07:00:00   ;    66
25.01.2014 07:00:00   ;    65
26.01.2014 07:00:00   ;    66
27.01.2014 07:00:00   ;    66
28.01.2014 07:00:00   ;    70
29.01.2014 07:00:00   ;    66
30.01.2014 07:00:00   ;    65
31.01.2014 07:00:00   ;   120
01.02.2014 07:00:00   ;   160
02.02.2014 07:00:00   ;   146
03.02.2014 07:00:00   ;   163
04.02.2014 07:00:00   ;   148
05.02.2014 07:00:00   ;   145
06.02.2014 07:00:00   ;   135
07.02.2014 07:00:00   ;   125
08.02.2014 07:00:00   ;   135
09.02.2014 07:00:00   ;   128
10.02.2014 07:00:00   ;   135
11.02.2014 07:00:00   ;   135
12.02.2014 07:00:00   ;   150
13.02.2014 07:00:00   ;   150
14.02.2014 07:00:00   ;   158
15.02.2014 07:00:00   ;   153
16.02.2014 07:00:00   ;   146
17.02.2014 07:00:00   ;   160
18.02.2014 07:00:00   ;   165
19.02.2014 07:00:00   ;   155
20.02.2014 07:00:00   ;   165
21.02.2014 07:00:00   ;   158
22.02.2014 07:00:00   ;   175
23.02.2014 07:00:00   ;   170
24.02.2014 07:00:00   ;   160
25.02.2014 07:00:00   ;   158
26.02.2014 07:00:00   ;   156
27.02.2014 07:00:00   ;   150
28.02.2014 07:00:00   ;   150
01.03.2014 07:00:00   ;   150
02.03.2014 07:00:00   ;   160
03.03.2014 07:00:00   ;   155
04.03.2014 07:00:00   ;   157
05.03.2014 07:00:00   ;   157
06.03.2014 07:00:00   ;   150
07.03.2014 07:00:00   ;   147
08.03.2014 07:00:00   ;   141
09.03.2014 07:00:00   ;   139
10.03.2014 07:00:00   ;   137
11.03.2014 07:00:00   ;   135
12.03.2014 07:00:00   ;   133
13.03.2014 07:00:00   ;   129
14.03.2014 07:00:00   ;   125
15.03.2014 07:00:00   ;   120
16.03.2014 07:00:00   ;   118
17.03.2014 07:00:00   ;   109
18.03.2014 07:00:00   ;    99
19.03.2014 07:00:00   ;    91
20.03.2014 07:00:00   ;    85
21.03.2014 07:00:00   ;    80
22.03.2014 07:00:00   ;    73
23.03.2014 07:00:00   ;    75
24.03.2014 07:00:00   ;   108
25.03.2014 07:00:00   ;   100
26.03.2014 07:00:00   ;    99
27.03.2014 07:00:00   ;    95
28.03.2014 07:00:00   ;    89
29.03.2014 07:00:00   ;    85
30.03.2014 07:00:00   ;    80
31.03.2014 07:00:00   ;    71
01.04.2014 07:00:00   ;    65
02.04.2014 07:00:00   ;    60
03.04.2014 07:00:00   ;    54
04.04.2014 07:00:00   ;    50
05.04.2014 07:00:00   ;    40
06.04.2014 07:00:00   ;    30
07.04.2014 07:00:00   ;    25
08.04.2014 07:00:00   ;    18
09.04.2014 07:00:00   ;    11
10.04.2014 07:00:00   ;     8
11.04.2014 07:00:00   ;     0
12.04.2014 07:00:00   ;     0
13.04.2014 07:00:00   ;     0
14.04.2014 07:00:00   ;     0
15.04.2014 07:00:00   ;     1
16.04.2014 07:00:00   ;     0
17.04.2014 07:00:00   ;     0
18.04.2014 07:00:00   ;     0
19.04.2014 07:00:00   ;    20
20.04.2014 07:00:00   ;    10
21.04.2014 07:00:00   ;     3
22.04.2014 07:00:00   ;     0
23.04.2014 07:00:00   ;     0
24.04.2014 07:00:00   ;     0
25.04.2014 07:00:00   ;     0
26.04.2014 07:00:00   ;     0
27.04.2014 07:00:00   ;     0
28.04.2014 07:00:00   ;     0
29.04.2014 07:00:00   ;     0
30.04.2014 07:00:00   ;     0
01.05.2014 07:00:00   ;     0
02.05.2014 07:00:00   ;     0
03.05.2014 07:00:00   ;     0
04.05.2014 07:00:00   ;     0
05.05.2014 07:00:00   ;     0
06.05.2014 07:00:00   ;     0
07.05.2014 07:00:00   ;     0
08.05.2014 07:00:00   ;     0
09.05.2014 07:00:00   ;     0
10.05.2014 07:00:00   ;     0
11.05.2014 07:00:00   ;     0
12.05.2014 07:00:00   ;     0
13.05.2014 07:00:00   ;     5
14.05.2014 07:00:00   ;     0
15.05.2014 07:00:00   ;     0
16.05.2014 07:00:00   ;     0
17.05.2014 07:00:00   ;     0
18.05.2014 07:00:00   ;     0
19.05.2014 07:00:00   ;     0
20.05.2014 07:00:00   ;     0
21.05.2014 07:00:00   ;     0
22.05.2014 07:00:00   ;     0
23.05.2014 07:00:00   ;     0
24.05.2014 07:00:00   ;     0
25.05.2014 07:00:00   ;     0
26.05.2014 07:00:00   ;     0
27.05.2014 07:00:00   ;     0
28.05.2014 07:00:00   ;     0
29.05.2014 07:00:00   ;     0
30.05.2014 07:00:00   ;     0
31.05.2014 07:00:00   ;     0
01.06.2014 07:00:00   ;     0
02.06.2014 07:00:00   ;     0
03.06.2014 07:00:00   ;     0
04.06.2014 07:00:00   ;     0
05.06.2014 07:00:00   ;     0
06.06.2014 07:00:00   ;     0
07.06.2014 07:00:00   ;     0
08.06.2014 07:00:00   ;     0
09.06.2014 07:00:00   ;     0
10.06.2014 07:00:00   ;     0
11.06.2014 07:00:00   ;     0
12.06.2014 07:00:00   ;     0
13.06.2014 07:00:00   ;     0
14.06.2014 07:00:00   ;     0
15.06.2014 07:00:00   ;     0
16.06.2014 07:00:00   ;     0
17.06.2014 07:00:00   ;     0
18.06.2014 07:00:00   ;     0
19.06.2014 07:00:00   ;     0
20.06.2014 07:00:00   ;     0
21.06.2014 07:00:00   ;     0
22.06.2014 07:00:00   ;     0
23.06.2014 07:00:00   ;     0
24.06.2014 07:00:00   ;     0
25.06.2014 07:00:00   ;     0
26.06.2014 07:00:00   ;     0
27.06.2014 07:00:00   ;     0
28.06.2014 07:00:00   ;     0
29.06.2014 07:00:00   ;     0
30.06.2014 07:00:00   ;     0
01.07.2014 07:00:00   ;     0
02.07.2014 07:00:00   ;     0
03.07.2014 07:00:00   ;     0
04.07.2014 07:00:00   ;     0
05.07.2014 07:00:00   ;     0
06.07.2014 07:00:00   ;     0
07.07.2014 07:00:00   ;     0
08.07.2014 07:00:00   ;     0
09.07.2014 07:00:00   ;     0
10.07.2014 07:00:00   ;     0
11.07.2014 07:00:00   ;     0
12.07.2014 07:00:00   ;     0
13.07.2014 07:00:00   ;     0
14.07.2014 07:00:00   ;     0
15.07.2014 07:00:00   ;     0
16.07.2014 07:00:00   ;     0
17.07.2014 07:00:00   ;     0
18.07.2014 07:00:00   ;     0
19.07.2014 07:00:00   ;     0
20.07.2014 07:00:00   ;     0
21.07.2014 07:00:00   ;     0
22.07.2014 07:00:00   ;     0
23.07.2014 07:00:00   ;     0
24.07.2014 07:00:00   ;     0
25.07.2014 07:00:00   ;     0
26.07.2014 07:00:00   ;     0
27.07.2014 07:00:00   ;     0
28.07.2014 07:00:00   ;     0
29.07.2014 07:00:00   ;     0
30.07.2014 07:00:00   ;     0
31.07.2014 07:00:00   ;     0
01.08.2014 07:00:00   ;     0
02.08.2014 07:00:00   ;     0
03.08.2014 07:00:00   ;     0
04.08.2014 07:00:00   ;     0
05.08.2014 07:00:00   ;     0
06.08.2014 07:00:00   ;     0
07.08.2014 07:00:00   ;     0
08.08.2014 07:00:00   ;     0
09.08.2014 07:00:00   ;     0
10.08.2014 07:00:00   ;     0
11.08.2014 07:00:00   ;     0
12.08.2014 07:00:00   ;     0
13.08.2014 07:00:00   ;     0
14.08.2014 07:00:00   ;     0
15.08.2014 07:00:00   ;     0
16.08.2014 07:00:00   ;     0
17.08.2014 07:00:00   ;     0
18.08.2014 07:00:00   ;     0
19.08.2014 07:00:00   ;     0
20.08.2014 07:00:00   ;     0
21.08.2014 07:00:00   ;     0
22.08.2014 07:00:00   ;     0
23.08.2014 07:00:00   ;     0
24.08.2014 07:00:00   ;     0
25.08.2014 07:00:00   ;     0
26.08.2014 07:00:00   ;     0
27.08.2014 07:00:00   ;     0
28.08.2014 07:00:00   ;     0
29.08.2014 07:00:00   ;     0
30.08.2014 07:00:00   ;     0
31.08.2014 07:00:00   ;     0
01.09.2014 07:00:00   ;     0
02.09.2014 07:00:00   ;     0
03.09.2014 07:00:00   ;     0
04.09.2014 07:00:00   ;     0
05.09.2014 07:00:00   ;     0
06.09.2014 07:00:00   ;     0
07.09.2014 07:00:00   ;     0
08.09.2014 07:00:00   ;     0
09.09.2014 07:00:00   ;     0
10.09.2014 07:00:00   ;     0
11.09.2014 07:00:00   ;     0
12.09.2014 07:00:00   ;     0
13.09.2014 07:00:00   ;     0
14.09.2014 07:00:00   ;     0
15.09.2014 07:00:00   ;     0
16.09.2014 07:00:00   ;     0
17.09.2014 07:00:00   ;     0
18.09.2014 07:00:00   ;     0
19.09.2014 07:00:00   ;     0
20.09.2014 07:00:00   ;     0
21.09.2014 07:00:00   ;     0
22.09.2014 07:00:00   ;     0
23.09.2014 07:00:00   ;     0
24.09.2014 07:00:00   ;     0
25.09.2014 07:00:00   ;     0
26.09.2014 07:00:00   ;     0
27.09.2014 07:00:00   ;     0
28.09.2014 07:00:00   ;     0
29.09.2014 07:00:00   ;     0
30.09.2014 07:00:00   ;     0
01.10.2014 07:00:00   ;     0
02.10.2014 07:00:00   ;     0
03.10.2014 07:00:00   ;     0
04.10.2014 07:00:00   ;     0
05.10.2014 07:00:00   ;     0
06.10.2014 07:00:00   ;     0
07.10.2014 07:00:00   ;     0
08.10.2014 07:00:00   ;     0
09.10.2014 07:00:00   ;     0
10.10.2014 07:00:00   ;     0
11.10.2014 07:00:00   ;     0
12.10.2014 07:00:00   ;     0
13.10.2014 07:00:00   ;     0
14.10.2014 07:00:00   ;     0
15.10.2014 07:00:00   ;     0
16.10.2014 07:00:00   ;     0
17.10.2014 07:00:00   ;     0
18.10.2014 07:00:00   ;     0
19.10.2014 07:00:00   ;     0
20.10.2014 07:00:00   ;     0
21.10.2014 07:00:00   ;     0
22.10.2014 07:00:00   ;     3
23.10.2014 07:00:00   ;    28
24.10.2014 07:00:00   ;    20
25.10.2014 07:00:00   ;    12
26.10.2014 07:00:00   ;     3
27.10.2014 07:00:00   ;     0
28.10.2014 07:00:00   ;     0
29.10.2014 07:00:00   ;     0
30.10.2014 07:00:00   ;     0
31.10.2014 07:00:00   ;     0
01.11.2014 07:00:00   ;     0
02.11.2014 07:00:00   ;     0
03.11.2014 07:00:00   ;     0
04.11.2014 07:00:00   ;     0
05.11.2014 07:00:00   ;     0
06.11.2014 07:00:00   ;     0
07.11.2014 07:00:00   ;     0
08.11.2014 07:00:00   ;     0
09.11.2014 07:00:00   ;     0
10.11.2014 07:00:00   ;     0
11.11.2014 07:00:00   ;     0
12.11.2014 07:00:00   ;     0
13.11.2014 07:00:00   ;     0
14.11.2014 07:00:00   ;     0
15.11.2014 07:00:00   ;     0
16.11.2014 07:00:00   ;     2
17.11.2014 07:00:00   ;     0
18.11.2014 07:00:00   ;    14
19.11.2014 07:00:00   ;    12
20.11.2014 07:00:00   ;    10
21.11.2014 07:00:00   ;     0
22.11.2014 07:00:00   ;     0
23.11.2014 07:00:00   ;     0
24.11.2014 07:00:00   ;     0
25.11.2014 07:00:00   ;     0
26.11.2014 07:00:00   ;     0
27.11.2014 07:00:00   ;     0
28.11.2014 07:00:00   ;     0
29.11.2014 07:00:00   ;     0
30.11.2014 07:00:00   ;     0
01.12.2014 07:00:00   ;     0
02.12.2014 07:00:00   ;     5
03.12.2014 07:00:00   ;     4
04.12.2014 07:00:00   ;    14
05.12.2014 07:00:00   ;    14
06.12.2014 07:00:00   ;    12
07.12.2014 07:00:00   ;    12
08.12.2014 07:00:00   ;     8
09.12.2014 07:00:00   ;     6
10.12.2014 07:00:00   ;     5
11.12.2014 07:00:00   ;     4
12.12.2014 07:00:00   ;     3
13.12.2014 07:00:00   ;     2
14.12.2014 07:00:00   ;     2
15.12.2014 07:00:00   ;     1
16.12.2014 07:00:00   ;     2
17.12.2014 07:00:00   ;     3
18.12.2014 07:00:00   ;     3
19.12.2014 07:00:00   ;     2
20.12.2014 07:00:00   ;     2
21.12.2014 07:00:00   ;     2
22.12.2014 07:00:00   ;     1
23.12.2014 07:00:00   ;     0
24.12.2014 07:00:00   ;     0
25.12.2014 07:00:00   ;     0
26.12.2014 07:00:00   ;     0
27.12.2014 07:00:00   ;     0
28.12.2014 07:00:00   ;     3
29.12.2014 07:00:00   ;     3
30.12.2014 07:00:00   ;     3
31.12.2014 07:00:00   ;     3
01.01.2015 07:00:00   ;     1
02.01.2015 07:00:00   ;     0
03.01.2015 07:00:00   ;     0
04.01.2015 07:00:00   ;     1
05.01.2015 07:00:00   ;     1
06.01.2015 07:00:00   ;     0
07.01.2015 07:00:00   ;     0
08.01.2015 07:00:00   ;     0
09.01.2015 07:00:00   ;     0
10.01.2015 07:00:00   ;     0
11.01.2015 07:00:00   ;     0
12.01.2015 07:00:00   ;     1
13.01.2015 07:00:00   ;     0
14.01.2015 07:00:00   ;     0
15.01.2015 07:00:00   ;     1
16.01.2015 07:00:00   ;     0
17.01.2015 07:00:00   ;    15
18.01.2015 07:00:00   ;    25
19.01.2015 07:00:00   ;    25
20.01.2015 07:00:00   ;    24
21.01.2015 07:00:00   ;    23
22.01.2015 07:00:00   ;    23
23.01.2015 07:00:00   ;    23
24.01.2015 07:00:00   ;    22
25.01.2015 07:00:00   ;    21
26.01.2015 07:00:00   ;    21
27.01.2015 07:00:00   ;    20
28.01.2015 07:00:00   ;    22
29.01.2015 07:00:00   ;    22
30.01.2015 07:00:00   ;    24
31.01.2015 07:00:00   ;    28
01.02.2015 07:00:00   ;    25
02.02.2015 07:00:00   ;    23
03.02.2015 07:00:00   ;    20
04.02.2015 07:00:00   ;    20
05.02.2015 07:00:00   ;    23
06.02.2015 07:00:00   ;    28
07.02.2015 07:00:00   ;    30
08.02.2015 07:00:00   ;    25
09.02.2015 07:00:00   ;    25
10.02.2015 07:00:00   ;    22
11.02.2015 07:00:00   ;    19
12.02.2015 07:00:00   ;    10
13.02.2015 07:00:00   ;     5
14.02.2015 07:00:00   ;     3
15.02.2015 07:00:00   ;     2
16.02.2015 07:00:00   ;     2
17.02.2015 07:00:00   ;     2
18.02.2015 07:00:00   ;     2
19.02.2015 07:00:00   ;     2
20.02.2015 07:00:00   ;     1
21.02.2015 07:00:00   ;     0
22.02.2015 07:00:00   ;     2
23.02.2015 07:00:00   ;     5
24.02.2015 07:00:00   ;    15
25.02.2015 07:00:00   ;    10
26.02.2015 07:00:00   ;    10
27.02.2015 07:00:00   ;     9
28.02.2015 07:00:00   ;     5
01.03.2015 07:00:00   ;     2
02.03.2015 07:00:00   ;     1
03.03.2015 07:00:00   ;     6
04.03.2015 07:00:00   ;     4
05.03.2015 07:00:00   ;    10
06.03.2015 07:00:00   ;     5
07.03.2015 07:00:00   ;     1
08.03.2015 07:00:00   ;     0
09.03.2015 07:00:00   ;     0
10.03.2015 07:00:00   ;     0
11.03.2015 07:00:00   ;     0
12.03.2015 07:00:00   ;     0
13.03.2015 07:00:00   ;     0
14.03.2015 07:00:00   ;     0
15.03.2015 07:00:00   ;     2
16.03.2015 07:00:00   ;     4
17.03.2015 07:00:00   ;    12
18.03.2015 07:00:00   ;     2
19.03.2015 07:00:00   ;     0
20.03.2015 07:00:00   ;     0
21.03.2015 07:00:00   ;     0
22.03.2015 07:00:00   ;     5
23.03.2015 07:00:00   ;     1
24.03.2015 07:00:00   ;     0
25.03.2015 07:00:00   ;     0
26.03.2015 07:00:00   ;    16
27.03.2015 07:00:00   ;    10
28.03.2015 07:00:00   ;     5
29.03.2015 07:00:00   ;     0
30.03.2015 07:00:00   ;     0
31.03.2015 07:00:00   ;     1
01.04.2015 07:00:00   ;     1
02.04.2015 07:00:00   ;     1
03.04.2015 07:00:00   ;     9
04.04.2015 07:00:00   ;     0
05.04.2015 07:00:00   ;     2
06.04.2015 07:00:00   ;     0
07.04.2015 07:00:00   ;     5
08.04.2015 07:00:00   ;     0
09.04.2015 07:00:00   ;     0
10.04.2015 07:00:00   ;     0
11.04.2015 07:00:00   ;     0
12.04.2015 07:00:00   ;     0
13.04.2015 07:00:00   ;     0
14.04.2015 07:00:00   ;     0
15.04.2015 07:00:00   ;     0
16.04.2015 07:00:00   ;     0
17.04.2015 07:00:00   ;     0
18.04.2015 07:00:00   ;     0
19.04.2015 07:00:00   ;     0
20.04.2015 07:00:00   ;     0
21.04.2015 07:00:00   ;     0
22.04.2015 07:00:00   ;     0
23.04.2015 07:00:00   ;     0
24.04.2015 07:00:00   ;     3
25.04.2015 07:00:00   ;     0
26.04.2015 07:00:00   ;     0
27.04.2015 07:00:00   ;     0
28.04.2015 07:00:00   ;     0
29.04.2015 07:00:00   ;     0
30.04.2015 07:00:00   ;     0
01.05.2015 07:00:00   ;     0
02.05.2015 07:00:00   ;     0
03.05.2015 07:00:00   ;     0
04.05.2015 07:00:00   ;     0
05.05.2015 07:00:00   ;     0
06.05.2015 07:00:00   ;     0
07.05.2015 07:00:00   ;     0
08.05.2015 07:00:00   ;     0
09.05.2015 07:00:00   ;     0
10.05.2015 07:00:00   ;     0
11.05.2015 07:00:00   ;     0
12.05.2015 07:00:00   ;     0
13.05.2015 07:00:00   ;     0
14.05.2015 07:00:00   ;     0
15.05.2015 07:00:00   ;     0
16.05.2015 07:00:00   ;     0
17.05.2015 07:00:00   ;     0
18.05.2015 07:00:00   ;     0
19.05.2015 07:00:00   ;     0
20.05.2015 07:00:00   ;     0
21.05.2015 07:00:00   ;     3
22.05.2015 07:00:00   ;     1
23.05.2015 07:00:00   ;     0
24.05.2015 07:00:00   ;     0
25.05.2015 07:00:00   ;     0
26.05.2015 07:00:00   ;     0
27.05.2015 07:00:00   ;     0
28.05.2015 07:00:00   ;     0
29.05.2015 07:00:00   ;     0
30.05.2015 07:00:00   ;     0
31.05.2015 07:00:00   ;     0
01.06.2015 07:00:00   ;     0
02.06.2015 07:00:00   ;     0
03.06.2015 07:00:00   ;     0
04.06.2015 07:00:00   ;     0
05.06.2015 07:00:00   ;     0
06.06.2015 07:00:00   ;     0
07.06.2015 07:00:00   ;     0
08.06.2015 07:00:00   ;     0
09.06.2015 07:00:00   ;     0
10.06.2015 07:00:00   ;     0
11.06.2015 07:00:00   ;     0
12.06.2015 07:00:00   ;     0
13.06.2015 07:00:00   ;     0
14.06.2015 07:00:00   ;     0
15.06.2015 07:00:00   ;     0
16.06.2015 07:00:00   ;     0
17.06.2015 07:00:00   ;     0
18.06.2015 07:00:00   ;     0
19.06.2015 07:00:00   ;     0
20.06.2015 07:00:00   ;     0
21.06.2015 07:00:00   ;     0
22.06.2015 07:00:00   ;     0
23.06.2015 07:00:00   ;     0
24.06.2015 07:00:00   ;     0
25.06.2015 07:00:00   ;     0
26.06.2015 07:00:00   ;     0
27.06.2015 07:00:00   ;     0
28.06.2015 07:00:00   ;     0
29.06.2015 07:00:00   ;     0
30.06.2015 07:00:00   ;     0
01.07.2015 07:00:00   ;     0
02.07.2015 07:00:00   ;     0
03.07.2015 07:00:00   ;     0
04.07.2015 07:00:00   ;     0
05.07.2015 07:00:00   ;     0
06.07.2015 07:00:00   ;     0
07.07.2015 07:00:00   ;     0
08.07.2015 07:00:00   ;     0
09.07.2015 07:00:00   ;     0
10.07.2015 07:00:00   ;     0
11.07.2015 07:00:00   ;     0
12.07.2015 07:00:00   ;     0
13.07.2015 07:00:00   ;     0
14.07.2015 07:00:00   ;     0
15.07.2015 07:00:00   ;     0
16.07.2015 07:00:00   ;     0
17.07.2015 07:00:00   ;     0
18.07.2015 07:00:00   ;     0
19.07.2015 07:00:00   ;     0
20.07.2015 07:00:00   ;     0
21.07.2015 07:00:00   ;     0
22.07.2015 07:00:00   ;     0
23.07.2015 07:00:00   ;     0
24.07.2015 07:00:00   ;     0
25.07.2015 07:00:00   ;     0
26.07.2015 07:00:00   ;     0
27.07.2015 07:00:00   ;     0
28.07.2015 07:00:00   ;     0
29.07.2015 07:00:00   ;     0
30.07.2015 07:00:00   ;     0
31.07.2015 07:00:00   ;     0
01.08.2015 07:00:00   ;     0
02.08.2015 07:00:00   ;     0
03.08.2015 07:00:00   ;     0
04.08.2015 07:00:00   ;     0
05.08.2015 07:00:00   ;     0
06.08.2015 07:00:00   ;     0
07.08.2015 07:00:00   ;     0
08.08.2015 07:00:00   ;     0
09.08.2015 07:00:00   ;     0
10.08.2015 07:00:00   ;     0
11.08.2015 07:00:00   ;     0
12.08.2015 07:00:00   ;     0
13.08.2015 07:00:00   ;     0
14.08.2015 07:00:00   ;     0
15.08.2015 07:00:00   ;     0
16.08.2015 07:00:00   ;     0
17.08.2015 07:00:00   ;     0
18.08.2015 07:00:00   ;     0
19.08.2015 07:00:00   ;     0
20.08.2015 07:00:00   ;     0
21.08.2015 07:00:00   ;     0
22.08.2015 07:00:00   ;     0
23.08.2015 07:00:00   ;     0
24.08.2015 07:00:00   ;     0
25.08.2015 07:00:00   ;     0
26.08.2015 07:00:00   ;     0
27.08.2015 07:00:00   ;     0
28.08.2015 07:00:00   ;     0
29.08.2015 07:00:00   ;     0
30.08.2015 07:00:00   ;     0
31.08.2015 07:00:00   ;     0
01.09.2015 07:00:00   ;Lücke
